545.500183	2.486824E-6
545.550218	2.754269E-6
545.600254	3.881065E-6
545.650289	4.168204E-6
545.700324	4.358940E-6
545.750359	4.361013E-6
545.800394	3.946372E-6
545.850429	3.161655E-6
545.900464	1.918763E-6
545.950499	-2.861040E-7
546.000534	-3.037262E-6
546.050569	-6.377209E-6
546.100604	-1.016601E-5
546.150639	-1.382523E-5
546.200674	-1.809504E-5
546.250709	-2.365331E-5
546.300744	-3.196076E-5
546.350779	-4.370859E-5
546.400814	-6.069964E-5
546.450849	-8.575755E-5
546.500884	-0.000117
546.550919	-0.000161
546.600954	-0.000216
546.650989	-0.000287
546.701024	-0.000368
546.751059	-0.000456
546.801094	-0.000544
546.851129	-0.000605
546.901164	-0.000613
546.951199	-0.000538
547.001234	-0.000346
547.051269	1.471051E-5
547.101304	0.000524
547.151339	0.001144
547.201374	0.001788
547.251409	0.002264
547.301444	0.002453
547.351479	0.002210
547.401514	0.001455
547.451549	0.000354
547.501584	-0.000844
547.551619	-0.001874
547.601654	-0.002333
547.651690	-0.002192
547.701725	-0.001556
547.751760	-0.000720
547.801795	-1.851590E-5
547.851830	0.000325
547.901865	0.000298
547.951900	5.101978E-5
548.001935	-0.000197
548.051970	-0.000281
548.102005	-0.000146
548.152040	0.000141
548.202075	0.000424
548.252110	0.000577
548.302145	0.000527
548.352180	0.000319
548.402215	3.912366E-5
548.452250	-0.000163
548.502285	-0.000228
548.552320	-0.000150
548.602355	2.674442E-7
548.652390	0.000135
548.702425	0.000183
548.752460	0.000140
548.802495	4.518367E-5
548.852530	-3.878679E-5
548.902565	-7.545683E-5
548.952600	-4.911135E-5
549.002635	8.821539E-6
549.052670	5.486035E-5
549.102705	5.697398E-5
549.152740	1.905806E-5
549.202775	-3.414591E-5
549.252810	-7.396102E-5
549.302845	-7.540293E-5
549.352880	-4.387133E-5
549.402915	-2.318893E-6
549.452950	2.250372E-5
549.502985	1.994747E-5
549.553020	-2.921162E-6
549.603055	-2.801638E-5
549.653090	-3.816586E-5
549.703126	-2.543938E-5
549.753161	2.304381E-6
549.803196	3.118742E-5
549.853231	4.461975E-5
549.903266	4.204897E-5
549.953301	2.674342E-5
550.003336	8.986365E-6
550.053371	-3.089092E-6
550.103406	-7.126678E-6
550.153441	-6.209278E-6
550.203476	-4.570407E-6
550.253511	-5.126029E-6
550.303546	-8.053418E-6
550.353581	-1.160068E-5
550.403616	-1.401183E-5
550.453651	-1.442336E-5
550.503686	-1.318150E-5
550.553721	-1.146179E-5
550.603756	-9.900641E-6
550.653791	-8.922095E-6
550.703826	-8.618372E-6
550.753861	-8.743799E-6
550.803896	-8.938680E-6
550.853931	-8.018171E-6
550.903966	-5.112553E-6
550.954001	6.219669E-8
551.004036	6.505748E-6
551.054071	1.165874E-5
551.104106	1.457366E-5
551.154141	1.386255E-5
551.204176	1.067396E-5
551.254211	6.179218E-6
551.304246	2.034863E-6
551.354281	-1.722844E-6
551.404316	-5.878603E-6
551.454351	-1.059725E-5
551.504386	-1.459750E-5
551.554421	-1.648003E-5
551.604456	-1.526819E-5
551.654491	-1.065116E-5
551.704527	-4.877243E-6
551.754562	-2.270173E-7
551.804597	1.140270E-6
551.854632	-5.069017E-7
551.904667	-3.606358E-6
551.954702	-4.959135E-6
552.004737	-2.914942E-6
552.054772	1.784004E-6
552.104807	7.870976E-6
552.154842	1.237916E-5
552.204877	1.356504E-5
552.254912	1.138922E-5
552.304947	7.254184E-6
552.354982	3.587701E-6
552.405017	1.340335E-6
552.455052	7.660543E-7
552.505087	1.565281E-7
552.555122	-1.222162E-6
552.605157	-4.232473E-6
552.655192	-7.598342E-6
552.705227	-1.007790E-5
552.755262	-1.007479E-5
552.805297	-7.524742E-6
552.855332	-3.657155E-6
552.905367	-3.648862E-7
552.955402	1.037646E-6
553.005437	4.208636E-7
553.055472	-1.262590E-6
553.105507	-2.113645E-6
553.155542	-8.676417E-7
553.205577	2.568716E-6
553.255612	6.470503E-6
553.305647	9.528508E-6
553.355682	1.014529E-5
553.405717	8.133239E-6
553.455752	4.463638E-6
553.505787	8.085552E-7
553.555822	-1.612963E-6
553.605857	-3.092201E-6
553.655892	-3.882100E-6
553.705927	-4.667849E-6
553.755963	-6.109765E-6
553.805998	-7.373394E-6
553.856033	-7.985004E-6
553.906068	-7.460468E-6
553.956103	-5.914884E-6
554.006138	-4.050030E-6
554.056173	-2.470239E-6
554.106208	-1.665830E-6
554.156243	-1.895957E-6
554.206278	-2.313711E-6
554.256313	-2.647498E-6
554.306348	-1.985106E-6
554.356383	-9.059962E-7
554.406418	3.441544E-7
554.456453	9.609372E-7
554.506488	1.077037E-6
554.556523	4.986093E-7
554.606558	2.436033E-7
554.656593	5.939774E-7
554.706628	1.549730E-6
554.756663	2.597741E-6
554.806698	2.923236E-6
554.856733	1.826505E-6
554.906768	-4.986089E-7
554.956803	-3.193787E-6
555.006838	-4.977794E-6
555.056873	-4.954989E-6
555.106908	-3.258059E-6
555.156943	-9.878883E-7
555.206978	6.955650E-7
555.257013	1.058378E-6
555.307048	1.275031E-7
555.357083	-1.117464E-6
555.407118	-1.311310E-6
555.457153	-6.095259E-7
555.507188	5.297076E-7
555.557223	1.342409E-6
555.607258	1.194174E-6
555.657293	-2.176874E-8
555.707328	-1.479241E-6
555.757363	-1.835834E-6
555.807399	-1.211796E-6
555.857434	2.467132E-7
555.907469	1.719734E-6
555.957504	2.334443E-6
556.007539	2.156146E-6
