545.500183	-3.597977E-7
545.550218	-3.641326E-7
545.600254	-2.080757E-7
545.650289	-2.297503E-7
545.700324	-3.554627E-7
545.750359	-2.167455E-7
545.800394	-2.470899E-7
545.850429	-1.994059E-7
545.900464	-2.687645E-7
545.950499	-1.994059E-7
546.000534	-1.864013E-7
546.050569	-2.124107E-7
546.100604	-2.991089E-7
546.150639	-1.083729E-7
546.200674	-2.557596E-7
546.250709	-2.774343E-7
546.300744	-2.817692E-7
546.350779	-2.947738E-7
546.400814	-6.502367E-8
546.450849	-8.236342E-8
546.500884	-1.213775E-7
546.550919	7.369360E-8
546.600954	4.335055E-9
546.650989	2.384203E-7
546.701024	2.384203E-7
546.751059	5.852131E-7
546.801094	1.075058E-6
546.851129	8.713176E-7
546.901164	8.453080E-7
546.951199	9.493456E-7
547.001234	3.901420E-7
547.051269	-1.820664E-7
547.101304	-1.166091E-6
547.151339	-2.470898E-6
547.201374	-3.992450E-6
547.251409	-4.842092E-6
547.301444	-5.674392E-6
547.351479	-5.696066E-6
547.401514	-4.326239E-6
547.451549	-1.473869E-6
547.501584	1.304808E-6
547.551619	4.373925E-6
547.601654	5.019823E-6
547.651690	5.453311E-6
547.701725	3.814719E-6
547.751760	1.794653E-6
547.801795	6.935875E-8
547.851830	-1.287468E-6
547.901865	-1.564902E-6
547.951900	-1.018704E-6
548.001935	-3.034438E-7
548.051970	-7.369344E-8
548.102005	4.768407E-8
548.152040	-6.068871E-7
548.202075	-1.174761E-6
548.252110	-1.469534E-6
548.302145	-1.530223E-6
548.352180	-1.049049E-6
548.402215	-3.858071E-7
548.452250	2.037408E-7
548.502285	4.595009E-7
548.552320	1.517220E-7
548.602355	-1.777314E-7
548.652390	-5.375290E-7
548.702425	-7.282645E-7
548.752460	-6.762457E-7
548.802495	-3.858072E-7
548.852530	-2.254152E-7
548.902565	6.068891E-8
548.952600	-1.300476E-8
549.002635	-1.820663E-7
549.052670	-4.985144E-7
549.102705	-2.557596E-7
549.152740	-4.811749E-7
549.202775	-1.343823E-7
549.252810	-3.467911E-8
549.302845	2.124108E-7
549.352880	1.257126E-7
549.402915	7.369351E-8
549.452950	-3.554627E-7
549.502985	-3.858067E-7
549.553020	-5.505336E-7
549.603055	-4.378258E-7
549.653090	-3.901418E-7
549.703126	-2.600945E-8
549.753161	-1.517220E-7
549.803196	-1.733964E-8
549.853231	-1.777313E-7
549.903266	-1.603917E-7
549.953301	-4.811753E-7
550.003336	-5.201891E-7
550.053371	-5.982171E-7
550.103406	-3.858070E-7
550.153441	-3.467929E-7
550.203476	-2.167458E-8
550.253511	-1.733971E-8
550.303546	-1.733951E-8
550.353581	-1.647267E-7
550.403616	-3.251183E-7
550.453651	-3.901418E-7
550.503686	-5.158543E-7
550.553721	-3.511277E-7
550.603756	-2.514249E-7
550.653791	-9.970296E-8
550.703826	2.600949E-8
550.753861	-1.040379E-7
550.803896	-1.560568E-7
550.853931	-4.248214E-7
550.903966	-4.031465E-7
550.954001	-5.201887E-7
551.004036	-2.644295E-7
551.054071	-1.950711E-7
551.104106	-9.103322E-8
551.154141	-1.300473E-7
551.204176	-1.820664E-7
551.254211	-3.121136E-7
551.304246	-2.470901E-7
551.354281	-5.028497E-7
551.404316	-4.248213E-7
551.454351	-3.164484E-7
551.504386	-8.669800E-9
551.554421	-6.935858E-8
551.604456	8.669836E-9
551.654491	-2.124107E-7
551.704527	-1.907360E-7
551.754562	-3.511276E-7
551.804597	-3.207835E-7
551.854632	-2.427550E-7
551.904667	-3.207837E-7
551.954702	-1.257125E-7
552.004737	-2.167456E-7
552.054772	-2.774343E-7
552.104807	-1.820663E-7
552.154842	-1.647265E-7
552.204877	-4.248212E-7
552.254912	-2.340853E-7
552.304947	-3.034437E-7
552.354982	-3.944765E-7
552.405017	-2.384202E-7
552.455052	-3.511280E-7
552.505087	-1.473870E-7
552.555122	-2.644298E-7
552.605157	-1.343822E-7
552.655192	-1.864013E-7
552.705227	-1.690616E-7
552.755262	-3.554628E-7
552.805297	-3.337880E-7
552.855332	-2.254155E-7
552.905367	-3.554630E-7
552.955402	-5.201889E-8
553.005437	-7.802847E-8
553.055472	-2.861041E-7
553.105507	-2.254155E-7
553.155542	-2.427551E-7
553.205577	-4.334910E-7
553.255612	-3.641325E-7
553.305647	-3.381229E-7
553.355682	-4.161515E-7
553.405717	-3.814721E-7
553.455752	-1.603915E-7
553.505787	-1.517219E-7
553.555822	-2.817692E-7
553.605857	-2.861042E-7
553.655892	-2.644297E-7
553.705927	-2.904392E-7
553.755963	-2.384201E-7
553.805998	-2.687645E-7
553.856033	-1.603918E-7
553.906068	-3.294530E-7
553.956103	-1.690616E-7
554.006138	-1.690615E-7
554.056173	-2.470897E-7
554.106208	-2.297501E-7
554.156243	-3.814722E-7
554.206278	-3.164483E-7
554.256313	-3.207833E-7
554.306348	-2.297503E-7
554.356383	-1.560568E-7
554.406418	-1.820664E-7
554.456453	-2.644295E-7
554.506488	-2.514249E-7
554.556523	-2.254155E-7
554.606558	-3.251184E-7
554.656593	-3.641326E-7
554.706628	-4.074816E-7
554.756663	-2.167457E-7
554.806698	-1.473869E-7
554.856733	-1.777315E-7
554.906768	-2.730993E-7
554.956803	-1.777313E-7
555.006838	-1.864013E-7
555.056873	-2.470900E-7
555.106908	-2.340854E-7
555.156943	-2.861040E-7
555.206978	-2.904390E-7
555.257013	-1.820663E-7
555.307048	-2.037411E-7
555.357083	-3.337882E-7
555.407118	-2.080757E-7
555.457153	-2.384201E-7
555.507188	-2.947738E-7
555.557223	-3.164487E-7
555.607258	-2.774342E-7
555.657293	-2.470901E-7
555.707328	-2.687645E-7
555.757363	-1.560568E-7
555.807399	-1.430520E-7
555.857434	-2.210804E-7
555.907469	-3.597975E-7
555.957504	-3.251183E-7
556.007539	-3.121136E-7
