545.500183	-2.991090E-7
545.550218	-4.421608E-7
545.600254	-4.204861E-7
545.650289	-2.340851E-7
545.700324	-1.473870E-7
545.750359	-2.687646E-7
545.800394	-2.991089E-7
545.850429	-2.384200E-7
545.900464	-2.470899E-7
545.950499	-1.950710E-7
546.000534	-4.248212E-7
546.050569	-1.257125E-7
546.100604	-1.170426E-7
546.150639	-2.600945E-7
546.200674	-2.730993E-7
546.250709	-1.257124E-7
546.300744	-7.369335E-8
546.350779	-1.733965E-8
546.400814	-2.687645E-7
546.450849	-1.170425E-7
546.500884	-2.167445E-8
546.550919	-4.334709E-9
546.600954	4.811751E-7
546.650989	2.384203E-7
546.701024	7.716143E-7
546.751059	5.158548E-7
546.801094	6.502369E-7
546.851129	8.062933E-7
546.901164	9.926950E-7
546.951199	9.883602E-7
547.001234	5.548689E-7
547.051269	-2.644293E-7
547.101304	-1.313478E-6
547.151339	-2.774341E-6
547.201374	-4.213530E-6
547.251409	-6.051529E-6
547.301444	-6.255271E-6
547.351479	-5.232233E-6
547.401514	-4.005456E-6
547.451549	-1.218109E-6
547.501584	1.833667E-6
547.551619	3.316206E-6
547.601654	5.067509E-6
547.651690	4.954799E-6
547.701725	3.697678E-6
547.751760	1.508548E-6
547.801795	-1.300471E-7
547.851830	-1.131412E-6
547.901865	-1.274463E-6
547.951900	-8.583122E-7
548.001935	-6.025517E-7
548.051970	-4.334873E-9
548.102005	-1.647264E-7
548.152040	-8.366377E-7
548.202075	-1.261459E-6
548.252110	-1.560567E-6
548.302145	-1.361161E-6
548.352180	-9.276710E-7
548.402215	-3.034437E-7
548.452250	2.904393E-7
548.502285	5.288595E-7
548.552320	8.669825E-8
548.602355	-3.034438E-7
548.652390	-5.852125E-7
548.702425	-7.586098E-7
548.752460	-5.071842E-7
548.802495	-4.291562E-7
548.852530	-9.970300E-8
548.902565	4.768429E-8
548.952600	-2.384200E-7
549.002635	-1.994059E-7
549.052670	-7.672790E-7
549.102705	-7.065904E-7
549.152740	-2.037407E-7
549.202775	-2.644295E-7
549.252810	-2.037409E-7
549.302845	6.935865E-8
549.352880	2.297503E-7
549.402915	-7.369327E-8
549.452950	-6.502340E-8
549.502985	-4.248213E-7
549.553020	-3.251183E-7
549.603055	-2.384202E-7
549.653090	-1.430522E-7
549.703126	-1.994059E-7
549.753161	-1.473870E-7
549.803196	-1.300474E-7
549.853231	-1.690617E-7
549.903266	-3.251184E-7
549.953301	-4.248210E-7
550.003336	-4.898446E-7
550.053371	-5.418636E-7
550.103406	-2.167454E-7
550.153441	-1.603917E-7
550.203476	-1.127075E-7
550.253511	1.040379E-7
550.303546	1.647267E-7
550.353581	-1.994059E-7
550.403616	-2.687647E-7
550.453651	-5.852126E-7
550.503686	-4.898446E-7
550.553721	-4.508307E-7
550.603756	-2.470898E-7
550.653791	-8.669818E-8
550.703826	-8.669818E-9
550.753861	5.635389E-8
550.803896	-2.730992E-7
550.853931	-3.381232E-7
550.903966	-3.814720E-7
550.954001	-4.421610E-7
551.004036	-5.765425E-7
551.054071	-3.858071E-7
551.104106	1.733955E-8
551.154141	-9.970295E-8
551.204176	-3.077785E-7
551.254211	-5.635378E-8
551.304246	-3.251185E-7
551.354281	-3.771372E-7
551.404316	-3.294530E-7
551.454351	-2.427549E-7
551.504386	-2.210805E-7
551.554421	-9.970289E-8
551.604456	4.334916E-8
551.654491	-1.083728E-7
551.704527	-2.687643E-7
551.754562	-3.207833E-7
551.804597	2.363636E-13
551.854632	-4.161512E-7
551.904667	-3.728025E-7
551.954702	-3.728025E-7
552.004737	-4.248211E-7
552.054772	-5.635378E-8
552.104807	-2.514245E-7
552.154842	-2.340852E-7
552.204877	-2.557598E-7
552.254912	-3.424577E-7
552.304947	-3.944768E-7
552.354982	-4.595004E-7
552.405017	-4.508304E-7
552.455052	-8.236316E-8
552.505087	-5.635396E-8
552.555122	-1.213773E-7
552.605157	-1.820663E-7
552.655192	-1.387171E-7
552.705227	-1.170427E-7
552.755262	-2.427549E-7
552.805297	-4.855099E-7
552.855332	-2.947739E-7
552.905367	-2.037408E-7
552.955402	-2.470901E-7
553.005437	-1.560568E-7
553.055472	-2.167455E-7
553.105507	-1.387172E-7
553.155542	-4.031465E-7
553.205577	-2.037409E-7
553.255612	-5.331940E-7
553.305647	-3.251182E-7
553.355682	-3.164485E-7
553.405717	-2.947739E-7
553.455752	-1.213775E-7
553.505787	-1.733965E-7
553.555822	-1.127076E-7
553.605857	-1.994058E-7
553.655892	-2.947738E-7
553.705927	-4.638353E-7
553.755963	-3.034438E-7
553.805998	-1.994056E-7
553.856033	-1.560568E-7
553.906068	-3.858070E-7
553.956103	-1.257124E-7
554.006138	-1.517217E-7
554.056173	-3.294535E-7
554.106208	-1.733963E-7
554.156243	-5.201895E-8
554.206278	-3.988117E-7
554.256313	-3.988119E-7
554.306348	-2.124106E-7
554.356383	-1.950709E-7
554.406418	-2.947741E-7
554.456453	-1.040379E-7
554.506488	-1.300474E-7
554.556523	-3.251182E-7
554.606558	-1.950709E-7
554.656593	-2.080757E-7
554.706628	-3.467929E-7
554.756663	-1.083726E-7
554.806698	-1.083727E-7
554.856733	-2.861041E-7
554.906768	-2.080758E-7
554.956803	-3.858072E-7
555.006838	-1.733964E-7
555.056873	-3.337881E-7
555.106908	-2.730993E-7
555.156943	-3.597974E-7
555.206978	-3.641325E-7
555.257013	-9.970295E-8
555.307048	-9.536784E-8
555.357083	-1.517219E-7
555.407118	-1.473871E-7
555.457153	-1.647266E-7
555.507188	-3.728022E-7
555.557223	-3.207833E-7
555.607258	-5.635371E-8
555.657293	-2.037408E-7
555.707328	-3.207832E-7
555.757363	-4.898448E-7
555.807399	-3.814721E-7
555.857434	-2.080755E-7
555.907469	-5.071845E-7
555.957504	-4.941797E-7
556.007539	-3.294529E-7
