545.500183	3.635883E-6
545.505343	3.933907E-6
545.510502	4.053116E-6
545.515661	4.291534E-6
545.520820	4.470348E-6
545.525980	4.768372E-6
545.531139	5.006790E-6
545.536298	5.245209E-6
545.541457	5.543232E-6
545.546616	5.602837E-6
545.551776	5.841255E-6
545.556935	6.020069E-6
545.562094	6.198883E-6
545.567253	6.437302E-6
545.572413	6.496906E-6
545.577572	6.735325E-6
545.582731	7.033348E-6
545.587890	7.152557E-6
545.593049	7.212162E-6
545.598209	7.271767E-6
545.603368	7.390976E-6
545.608527	7.629395E-6
545.613686	7.629395E-6
545.618846	7.688999E-6
545.624005	7.808208E-6
545.629164	7.808208E-6
545.634323	7.927418E-6
545.639482	7.987022E-6
545.644642	8.165836E-6
545.649801	8.285046E-6
545.654960	8.583069E-6
545.660119	8.583069E-6
545.665279	8.821487E-6
545.670438	8.940697E-6
545.675597	9.059906E-6
545.680756	9.119511E-6
545.685915	9.298325E-6
545.691075	9.298325E-6
545.696234	9.298325E-6
545.701393	9.417534E-6
545.706552	9.477139E-6
545.711712	9.596348E-6
545.716871	9.655952E-6
545.722030	9.655952E-6
545.727189	9.715557E-6
545.732348	9.834766E-6
545.737508	9.894371E-6
545.742667	1.001358E-5
545.747826	1.013279E-5
545.752985	1.019239E-5
545.758145	1.025200E-5
545.763304	1.025200E-5
545.768463	1.031160E-5
545.773622	1.037121E-5
545.778781	1.043081E-5
545.783941	1.060963E-5
545.789100	1.060963E-5
545.794259	1.060963E-5
545.799418	1.066923E-5
545.804578	1.060963E-5
545.809737	1.060963E-5
545.814896	1.060963E-5
545.820055	1.055002E-5
545.825214	1.055002E-5
545.830374	1.055002E-5
545.835533	1.060963E-5
545.840692	1.060963E-5
545.845851	1.060963E-5
545.851011	1.060963E-5
545.856170	1.055002E-5
545.861329	1.055002E-5
545.866488	1.049042E-5
545.871647	1.043081E-5
545.876807	1.043081E-5
545.881966	1.043081E-5
545.887125	1.037121E-5
545.892284	1.037121E-5
545.897444	1.019239E-5
545.902603	1.013279E-5
545.907762	9.894371E-6
545.912921	9.775162E-6
545.918080	9.715557E-6
545.923240	9.655952E-6
545.928399	9.417534E-6
545.933558	9.417534E-6
545.938717	9.238720E-6
545.943877	9.119511E-6
545.949036	9.119511E-6
545.954195	9.059906E-6
545.959354	8.940697E-6
545.964513	8.821487E-6
545.969673	8.761883E-6
545.974832	8.583069E-6
545.979991	8.463860E-6
545.985150	8.344650E-6
545.990310	8.165836E-6
545.995469	8.106232E-6
546.000628	8.046627E-6
546.005787	7.987022E-6
546.010946	7.927418E-6
546.016106	7.808208E-6
546.021265	7.808208E-6
546.026424	7.688999E-6
546.031583	7.629395E-6
546.036743	7.510185E-6
546.041902	7.390976E-6
546.047061	7.390976E-6
546.052220	7.331371E-6
546.057379	7.271767E-6
546.062539	7.152557E-6
546.067698	7.092953E-6
546.072857	7.092953E-6
546.078016	7.092953E-6
546.083176	7.092953E-6
546.088335	7.092953E-6
546.093494	7.092953E-6
546.098653	7.092953E-6
546.103812	7.033348E-6
546.108972	7.152557E-6
546.114131	7.212162E-6
546.119290	7.271767E-6
546.124449	7.271767E-6
546.129608	7.331371E-6
546.134768	7.331371E-6
546.139927	7.331371E-6
546.145086	7.450581E-6
546.150245	7.390976E-6
546.155405	7.390976E-6
546.160564	7.331371E-6
546.165723	7.331371E-6
546.170882	7.450581E-6
546.176041	7.450581E-6
546.181201	7.450581E-6
546.186360	7.450581E-6
546.191519	7.510185E-6
546.196678	7.390976E-6
546.201838	7.331371E-6
546.206997	7.271767E-6
546.212156	7.152557E-6
546.217315	7.033348E-6
546.222474	6.973743E-6
546.227634	6.794930E-6
546.232793	6.616116E-6
546.237952	6.377697E-6
546.243111	6.258488E-6
546.248271	6.079674E-6
546.253430	5.960464E-6
546.258589	5.781651E-6
546.263748	5.602837E-6
546.268907	5.304813E-6
546.274067	5.006790E-6
546.279226	4.589558E-6
546.284385	4.291534E-6
546.289544	3.814697E-6
546.294704	3.397465E-6
546.299863	2.980232E-6
546.305022	2.503395E-6
546.310181	1.847744E-6
546.315340	1.370907E-6
546.320500	7.748604E-7
546.325659	1.192093E-7
546.330818	-5.960464E-7
546.335977	-1.311302E-6
546.341137	-2.026558E-6
546.346296	-2.920628E-6
546.351455	-3.695488E-6
546.356614	-4.649162E-6
546.361773	-5.602837E-6
546.366933	-6.675720E-6
546.372092	-7.688999E-6
546.377251	-8.821487E-6
546.382410	-1.001358E-5
546.387570	-1.138449E-5
546.392729	-1.269579E-5
546.397888	-1.406670E-5
546.403047	-1.561642E-5
546.408206	-1.698732E-5
546.413366	-1.859665E-5
546.418525	-2.038479E-5
546.423684	-2.217293E-5
546.428843	-2.408028E-5
546.434003	-2.604723E-5
546.439162	-2.813339E-5
546.444321	-3.045797E-5
546.449480	-3.272295E-5
546.454639	-3.516674E-5
546.459799	-3.761053E-5
546.464958	-4.011393E-5
546.470117	-4.291534E-5
546.475276	-4.559755E-5
546.480436	-4.839897E-5
546.485595	-5.131960E-5
546.490754	-5.435944E-5
546.495913	-5.733967E-5
546.501072	-6.043911E-5
546.506232	-6.371737E-5
546.511391	-6.699562E-5
546.516550	-7.027388E-5
546.521709	-7.379055E-5
546.526869	-7.736683E-5
546.532028	-8.088350E-5
546.537187	-8.469820E-5
546.542346	-8.857250E-5
546.547505	-9.250641E-5
546.552665	-9.667873E-5
546.557824	-0.000101
546.562983	-0.000105
546.568142	-0.000110
546.573302	-0.000114
546.578461	-0.000119
546.583620	-0.000124
546.588779	-0.000129
546.593938	-0.000134
546.599098	-0.000139
546.604257	-0.000144
546.609416	-0.000150
546.614575	-0.000155
546.619735	-0.000161
546.624894	-0.000168
546.630053	-0.000174
546.635212	-0.000180
546.640371	-0.000187
546.645531	-0.000194
546.650690	-0.000201
546.655849	-0.000209
546.661008	-0.000216
546.666168	-0.000224
546.671327	-0.000232
546.676486	-0.000240
546.681645	-0.000248
546.686804	-0.000257
546.691964	-0.000265
546.697123	-0.000274
546.702282	-0.000283
546.707441	-0.000292
546.712601	-0.000302
546.717760	-0.000311
546.722919	-0.000320
546.728078	-0.000329
546.733237	-0.000339
546.738397	-0.000348
546.743556	-0.000358
546.748715	-0.000368
546.753874	-0.000377
546.759034	-0.000387
546.764193	-0.000397
546.769352	-0.000407
546.774511	-0.000417
546.779670	-0.000428
546.784830	-0.000438
546.789989	-0.000449
546.795148	-0.000460
546.800307	-0.000470
546.805467	-0.000481
546.810626	-0.000493
546.815785	-0.000504
546.820944	-0.000515
546.826103	-0.000526
546.831263	-0.000537
546.836422	-0.000547
546.841581	-0.000558
546.846740	-0.000568
546.851900	-0.000577
546.857059	-0.000586
546.862218	-0.000594
546.867377	-0.000602
546.872536	-0.000610
546.877696	-0.000616
546.882855	-0.000623
546.888014	-0.000628
546.893173	-0.000633
546.898333	-0.000637
546.903492	-0.000640
546.908651	-0.000643
546.913810	-0.000645
546.918969	-0.000646
546.924129	-0.000646
546.929288	-0.000646
546.934447	-0.000645
546.939606	-0.000643
546.944766	-0.000640
546.949925	-0.000636
546.955084	-0.000631
546.960243	-0.000624
546.965402	-0.000617
546.970562	-0.000608
546.975721	-0.000597
546.980880	-0.000585
546.986039	-0.000572
546.991199	-0.000557
546.996358	-0.000541
547.001517	-0.000522
547.006676	-0.000502
547.011835	-0.000480
547.016995	-0.000455
547.022154	-0.000429
547.027313	-0.000401
547.032472	-0.000371
547.037632	-0.000338
547.042791	-0.000304
547.047950	-0.000268
547.053109	-0.000229
547.058268	-0.000188
547.063428	-0.000144
547.068587	-9.840727E-5
547.073746	-5.048513E-5
547.078905	-1.192093E-7
547.084064	5.227327E-5
547.089224	0.000107
547.094383	0.000163
547.099542	0.000222
547.104701	0.000282
547.109861	0.000344
547.115020	0.000408
547.120179	0.000474
547.125338	0.000541
547.130497	0.000610
547.135657	0.000681
547.140816	0.000753
547.145975	0.000826
547.151134	0.000901
547.156294	0.000978
547.161453	0.001056
547.166612	0.001136
547.171771	0.001218
547.176930	0.001301
547.182090	0.001384
547.187249	0.001468
547.192408	0.001551
547.197567	0.001633
547.202727	0.001713
547.207886	0.001792
547.213045	0.001869
547.218204	0.001943
547.223363	0.002014
547.228523	0.002082
547.233682	0.002147
547.238841	0.002208
547.244000	0.002264
547.249160	0.002317
547.254319	0.002365
547.259478	0.002410
547.264637	0.002450
547.269796	0.002485
547.274956	0.002516
547.280115	0.002543
547.285274	0.002565
547.290433	0.002582
547.295593	0.002594
547.300752	0.002600
547.305911	0.002601
547.311070	0.002594
547.316229	0.002582
547.321389	0.002563
547.326548	0.002537
547.331707	0.002506
547.336866	0.002467
547.342026	0.002421
547.347185	0.002369
547.352344	0.002309
547.357503	0.002242
547.362662	0.002168
547.367822	0.002086
547.372981	0.001997
547.378140	0.001901
547.383299	0.001799
547.388459	0.001691
547.393618	0.001576
547.398777	0.001456
547.403936	0.001331
547.409095	0.001201
547.414255	0.001067
547.419414	0.000928
547.424573	0.000787
547.429732	0.000642
547.434892	0.000495
547.440051	0.000346
547.445210	0.000196
547.450369	4.631281E-5
547.455528	-0.000103
547.460688	-0.000252
547.465847	-0.000399
547.471006	-0.000544
547.476165	-0.000688
547.481325	-0.000831
547.486484	-0.000971
547.491643	-0.001111
547.496802	-0.001248
547.501961	-0.001382
547.507121	-0.001513
547.512280	-0.001643
547.517439	-0.001765
547.522598	-0.001880
547.527758	-0.001989
547.532917	-0.002091
547.538076	-0.002186
547.543235	-0.002273
547.548394	-0.002352
547.553554	-0.002422
547.558713	-0.002483
547.563872	-0.002535
547.569031	-0.002578
547.574191	-0.002611
547.579350	-0.002635
547.584509	-0.002651
547.589668	-0.002657
547.594827	-0.002654
547.599987	-0.002642
547.605146	-0.002621
547.610305	-0.002592
547.615464	-0.002554
547.620624	-0.002508
547.625783	-0.002455
547.630942	-0.002394
547.636101	-0.002328
547.641260	-0.002256
547.646420	-0.002179
547.651579	-0.002098
547.656738	-0.002011
547.661897	-0.001920
547.667057	-0.001826
547.672216	-0.001727
547.677375	-0.001625
547.682534	-0.001520
547.687693	-0.001413
547.692853	-0.001305
547.698012	-0.001192
547.703171	-0.001082
547.708330	-0.000972
547.713490	-0.000863
547.718649	-0.000755
547.723808	-0.000648
547.728967	-0.000543
547.734126	-0.000440
547.739286	-0.000340
547.744445	-0.000242
547.749604	-0.000149
547.754763	-5.918741E-5
547.759923	2.616644E-5
547.765082	0.000107
547.770241	0.000183
547.775400	0.000254
547.780559	0.000320
547.785719	0.000380
547.790878	0.000435
547.796037	0.000484
547.801196	0.000528
547.806356	0.000566
547.811515	0.000598
547.816674	0.000625
547.821833	0.000646
547.826992	0.000662
547.832152	0.000672
547.837311	0.000678
547.842470	0.000678
547.847629	0.000674
547.852789	0.000665
547.857948	0.000651
547.863107	0.000634
547.868266	0.000613
547.873425	0.000588
547.878585	0.000561
547.883744	0.000529
547.888903	0.000495
547.894062	0.000459
547.899222	0.000421
547.904381	0.000381
547.909540	0.000340
547.914699	0.000297
547.919858	0.000254
547.925018	0.000210
547.930177	0.000166
547.935336	0.000123
547.940495	7.981062E-5
547.945655	3.767014E-5
547.950814	-3.218651E-6
547.955973	-4.237890E-5
547.961132	-7.969141E-5
547.966291	-0.000115
547.971451	-0.000148
547.976610	-0.000178
547.981769	-0.000206
547.986928	-0.000232
547.992087	-0.000255
547.997247	-0.000276
548.002406	-0.000294
548.007565	-0.000309
548.012724	-0.000322
548.017884	-0.000332
548.023043	-0.000338
548.028202	-0.000342
548.033361	-0.000343
548.038520	-0.000341
548.043680	-0.000335
548.048839	-0.000327
548.053998	-0.000316
548.059157	-0.000302
548.064317	-0.000285
548.069476	-0.000265
548.074635	-0.000242
548.079794	-0.000218
548.084953	-0.000191
548.090113	-0.000162
548.095272	-0.000131
548.100431	-9.888411E-5
548.105590	-6.490946E-5
548.110750	-2.968311E-5
548.115909	6.735325E-6
548.121068	4.404783E-5
548.126227	8.189678E-5
548.131386	0.000120
548.136546	0.000159
548.141705	0.000197
548.146864	0.000235
548.152023	0.000272
548.157183	0.000309
548.162342	0.000344
548.167501	0.000378
548.172660	0.000411
548.177819	0.000442
548.182979	0.000471
548.188138	0.000498
548.193297	0.000523
548.198456	0.000545
548.203616	0.000565
548.208775	0.000582
548.213934	0.000597
548.219093	0.000609
548.224252	0.000619
548.229412	0.000627
548.234571	0.000632
548.239730	0.000634
548.244889	0.000634
548.250049	0.000631
548.255208	0.000624
548.260367	0.000615
548.265526	0.000603
548.270685	0.000587
548.275845	0.000570
548.281004	0.000549
548.286163	0.000526
548.291322	0.000501
548.296482	0.000473
548.301641	0.000444
548.306800	0.000413
548.311959	0.000381
548.317118	0.000347
548.322278	0.000313
548.327437	0.000278
548.332596	0.000243
548.337755	0.000207
548.342915	0.000172
548.348074	0.000136
548.353233	0.000101
548.358392	6.580353E-5
548.363551	3.117323E-5
548.368711	-2.741814E-6
548.373870	-3.582239E-5
548.379029	-6.788969E-5
548.384188	-9.864569E-5
548.389348	-0.000128
548.394507	-0.000156
548.399666	-0.000182
548.404825	-0.000207
548.409984	-0.000230
548.415144	-0.000250
548.420303	-0.000268
548.425462	-0.000285
548.430621	-0.000299
548.435781	-0.000311
548.440940	-0.000320
548.446099	-0.000329
548.451258	-0.000334
548.456417	-0.000338
548.461577	-0.000339
548.466736	-0.000339
548.471895	-0.000336
548.477054	-0.000332
548.482214	-0.000326
548.487373	-0.000318
548.492532	-0.000308
548.497691	-0.000297
548.502850	-0.000284
548.508010	-0.000270
548.513169	-0.000254
548.518328	-0.000237
548.523487	-0.000219
548.528647	-0.000200
548.533806	-0.000181
548.538965	-0.000160
548.544124	-0.000139
548.549283	-0.000117
548.554443	-9.495020E-5
548.559602	-7.241964E-5
548.564761	-4.971027E-5
548.569920	-2.700090E-5
548.575080	-4.589558E-6
548.580239	1.764297E-5
548.585398	3.933907E-5
548.590557	6.055832E-5
548.595716	8.082390E-5
548.600876	0.000100
548.606035	0.000119
548.611194	0.000136
548.616353	0.000152
548.621513	0.000167
548.626672	0.000180
548.631831	0.000192
548.636990	0.000203
548.642149	0.000211
548.647309	0.000219
548.652468	0.000224
548.657627	0.000228
548.662786	0.000230
548.667946	0.000231
548.673105	0.000231
548.678264	0.000229
548.683423	0.000226
548.688582	0.000221
548.693742	0.000216
548.698901	0.000209
548.704060	0.000201
548.709219	0.000193
548.714379	0.000183
548.719538	0.000173
548.724697	0.000162
548.729856	0.000151
548.735015	0.000138
548.740175	0.000126
548.745334	0.000112
548.750493	9.840727E-5
548.755652	8.434057E-5
548.760812	6.997585E-5
548.765971	5.501509E-5
548.771130	4.053116E-5
548.776289	2.628565E-5
548.781448	1.221895E-5
548.786608	-1.430511E-6
548.791767	-1.454353E-5
548.796926	-2.706051E-5
548.802085	-3.927946E-5
548.807245	-5.048513E-5
548.812404	-6.109476E-5
548.817563	-7.128716E-5
548.822722	-8.016825E-5
548.827881	-8.833408E-5
548.833041	-9.566545E-5
548.838200	-0.000102
548.843359	-0.000107
548.848518	-0.000112
548.853678	-0.000116
548.858837	-0.000118
548.863996	-0.000120
548.869155	-0.000120
548.874314	-0.000120
548.879474	-0.000118
548.884633	-0.000116
548.889792	-0.000113
548.894951	-0.000109
548.900111	-0.000104
548.905270	-9.840727E-5
548.910429	-9.220839E-5
548.915588	-8.547306E-5
548.920747	-7.826090E-5
548.925907	-7.051229E-5
548.931066	-6.252527E-5
548.936225	-5.435944E-5
548.941384	-4.577637E-5
548.946543	-3.713369E-5
548.951703	-2.843142E-5
548.956862	-1.943111E-5
548.962021	-1.060963E-5
548.967180	-1.728535E-6
548.972340	6.973743E-6
548.977499	1.549721E-5
548.982658	2.366304E-5
548.987817	3.147125E-5
548.992976	3.892183E-5
548.998136	4.589558E-5
549.003295	5.221367E-5
549.008454	5.811453E-5
549.013613	6.330013E-5
549.018773	6.783009E-5
549.023932	7.170439E-5
549.029091	7.486343E-5
549.034250	7.706881E-5
549.039409	7.861853E-5
549.044569	7.945299E-5
549.049728	7.939339E-5
549.054887	7.861853E-5
549.060046	7.724762E-5
549.065206	7.504225E-5
549.070365	7.218122E-5
549.075524	6.872416E-5
549.080683	6.461143E-5
549.085842	5.996227E-5
549.091002	5.477667E-5
549.096161	4.929304E-5
549.101320	4.315376E-5
549.106479	3.677607E-5
549.111639	2.998114E-5
549.116798	2.282858E-5
549.121957	1.555681E-5
549.127116	7.987022E-6
549.132275	3.576279E-7
549.137435	-7.390976E-6
549.142594	-1.513958E-5
549.147753	-2.288818E-5
549.152912	-3.039837E-5
549.158072	-3.778934E-5
549.163231	-4.494190E-5
549.168390	-5.179644E-5
549.173549	-5.841255E-5
549.178708	-6.449223E-5
549.183868	-7.033348E-5
549.189027	-7.557869E-5
549.194186	-8.034706E-5
549.199345	-8.463860E-5
549.204505	-8.845329E-5
549.209664	-9.173155E-5
549.214823	-9.453297E-5
549.219982	-9.661913E-5
549.225141	-9.810925E-5
549.230301	-9.906292E-5
549.235460	-9.942055E-5
549.240619	-9.906292E-5
549.245778	-9.810925E-5
549.250938	-9.649992E-5
549.256097	-9.429455E-5
549.261256	-9.149313E-5
549.266415	-8.815527E-5
549.271574	-8.440018E-5
549.276734	-8.004904E-5
549.281893	-7.522106E-5
549.287052	-7.003546E-5
549.292211	-6.455183E-5
549.297371	-5.871058E-5
549.302530	-5.269051E-5
549.307689	-4.637241E-5
549.312848	-3.999472E-5
549.318007	-3.337860E-5
549.323167	-2.646446E-5
549.328326	-1.966953E-5
549.333485	-1.299381E-5
549.338644	-6.258488E-6
549.343804	4.768372E-7
549.348963	6.854534E-6
549.354122	1.305342E-5
549.359281	1.895428E-5
549.364440	2.449751E-5
549.369600	2.980232E-5
549.374759	3.451109E-5
549.379918	3.886223E-5
549.385077	4.267693E-5
549.390237	4.595518E-5
549.395396	4.887581E-5
549.400555	5.125999E-5
549.405714	5.292892E-5
549.410873	5.424023E-5
549.416033	5.495548E-5
549.421192	5.525351E-5
549.426351	5.489588E-5
549.431510	5.429983E-5
549.436670	5.292892E-5
549.441829	5.125999E-5
549.446988	4.905462E-5
549.452147	4.643202E-5
549.457306	4.333258E-5
549.462466	3.993511E-5
549.467625	3.629923E-5
549.472784	3.218651E-5
549.477943	2.795458E-5
549.483103	2.318621E-5
549.488262	1.829863E-5
549.493421	1.317263E-5
549.498580	7.867813E-6
549.503739	2.384186E-6
549.508899	-3.159046E-6
549.514058	-8.821487E-6
549.519217	-1.448393E-5
549.524376	-2.002716E-5
549.529536	-2.551079E-5
549.534695	-3.093481E-5
549.539854	-3.612041E-5
549.545013	-4.106760E-5
549.550172	-4.583597E-5
549.555332	-5.036592E-5
549.560491	-5.459785E-5
549.565650	-5.847216E-5
549.570809	-6.192923E-5
549.575969	-6.514788E-5
549.581128	-6.812811E-5
549.586287	-7.051229E-5
549.591446	-7.253885E-5
549.596605	-7.396936E-5
549.601765	-7.516146E-5
549.606924	-7.587671E-5
549.612083	-7.611513E-5
549.617242	-7.587671E-5
549.622402	-7.528067E-5
549.627561	-7.432699E-5
549.632720	-7.283688E-5
549.637879	-7.081032E-5
549.643038	-6.866455E-5
549.648198	-6.604195E-5
549.653357	-6.294250E-5
549.658516	-5.966425E-5
549.663675	-5.602837E-5
549.668835	-5.203485E-5
549.673994	-4.792213E-5
549.679153	-4.357100E-5
549.684312	-3.898144E-5
549.689471	-3.415346E-5
549.694631	-2.926588E-5
549.699790	-2.419949E-5
549.704949	-1.895428E-5
549.710108	-1.376867E-5
549.715268	-8.463860E-6
549.720427	-3.218651E-6
549.725586	2.026558E-6
549.730745	7.152557E-6
549.735904	1.233816E-5
549.741064	1.728535E-5
549.746223	2.205372E-5
549.751382	2.682209E-5
549.756541	3.129244E-5
549.761701	3.558397E-5
549.766860	3.951788E-5
549.772019	4.339218E-5
549.777178	4.678965E-5
549.782337	4.988909E-5
549.787497	5.269051E-5
549.792656	5.501509E-5
549.797815	5.704165E-5
549.802974	5.877018E-5
549.808134	6.014109E-5
549.813293	6.109476E-5
549.818452	6.163120E-5
549.823611	6.204844E-5
549.828770	6.186962E-5
549.833930	6.157160E-5
549.839089	6.097555E-5
549.844248	6.008148E-5
549.849407	5.882978E-5
549.854567	5.728006E-5
549.859726	5.567074E-5
549.864885	5.376339E-5
549.870044	5.161762E-5
549.875203	4.935265E-5
549.880363	4.696846E-5
549.885522	4.440546E-5
549.890681	4.166365E-5
549.895840	3.892183E-5
549.900999	3.600121E-5
549.906159	3.308058E-5
549.911318	3.027916E-5
549.916477	2.723932E-5
549.921636	2.425909E-5
549.926796	2.121925E-5
549.931955	1.835823E-5
549.937114	1.543760E-5
549.942273	1.269579E-5
549.947432	9.953976E-6
549.952592	7.331371E-6
549.957751	4.768372E-6
549.962910	2.384186E-6
549.968069	1.788139E-7
549.973229	-1.847744E-6
549.978388	-3.814697E-6
549.983547	-5.662441E-6
549.988706	-7.271767E-6
549.993865	-8.702278E-6
549.999025	-1.007318E-5
550.004184	-1.126528E-5
550.009343	-1.233816E-5
550.014502	-1.305342E-5
550.019662	-1.364946E-5
550.024821	-1.418591E-5
550.029980	-1.448393E-5
550.035139	-1.472235E-5
550.040298	-1.466274E-5
550.045458	-1.442432E-5
550.050617	-1.424551E-5
550.055776	-1.388788E-5
550.060935	-1.341105E-5
550.066095	-1.281500E-5
550.071254	-1.215935E-5
550.076413	-1.150370E-5
550.081572	-1.060963E-5
550.086731	-9.834766E-6
550.091891	-8.940697E-6
550.097050	-7.987022E-6
550.102209	-7.033348E-6
550.107368	-6.079674E-6
550.112528	-5.006790E-6
550.117687	-4.053116E-6
550.122846	-3.099442E-6
550.128005	-2.205372E-6
550.133164	-1.132488E-6
550.138324	-4.172325E-7
550.143483	4.172325E-7
550.148642	1.132488E-6
550.153801	1.788139E-6
550.158961	2.384186E-6
550.164120	2.920628E-6
550.169279	3.337860E-6
550.174438	3.576279E-6
550.179597	3.933907E-6
550.184757	4.053116E-6
550.189916	4.172325E-6
550.195075	4.231930E-6
550.200234	4.291534E-6
550.205394	4.112720E-6
550.210553	3.993511E-6
550.215712	3.814697E-6
550.220871	3.397465E-6
550.226030	2.980232E-6
550.231190	2.563000E-6
550.236349	2.026558E-6
550.241508	1.430511E-6
550.246667	8.344650E-7
550.251827	2.384186E-7
550.256986	-5.364418E-7
550.262145	-1.192093E-6
550.267304	-2.026558E-6
550.272463	-2.682209E-6
550.277623	-3.516674E-6
550.282782	-4.291534E-6
550.287941	-5.006790E-6
550.293100	-5.841255E-6
550.298260	-6.556511E-6
550.303419	-7.271767E-6
550.308578	-7.927418E-6
550.313737	-8.642673E-6
550.318896	-9.238720E-6
550.324056	-9.834766E-6
550.329215	-1.043081E-5
550.334374	-1.096725E-5
550.339533	-1.144409E-5
550.344693	-1.192093E-5
550.349852	-1.227856E-5
550.355011	-1.275539E-5
550.360170	-1.293421E-5
550.365329	-1.323223E-5
550.370489	-1.341105E-5
550.375648	-1.364946E-5
550.380807	-1.376867E-5
550.385966	-1.382828E-5
550.391126	-1.370907E-5
550.396285	-1.358986E-5
550.401444	-1.341105E-5
550.406603	-1.323223E-5
550.411762	-1.293421E-5
550.416922	-1.263618E-5
550.422081	-1.227856E-5
550.427240	-1.186132E-5
550.432399	-1.144409E-5
550.437559	-1.102686E-5
550.442718	-1.043081E-5
550.447877	-9.834766E-6
550.453036	-9.119511E-6
550.458195	-8.404255E-6
550.463355	-7.688999E-6
550.468514	-6.854534E-6
550.473673	-6.079674E-6
550.478832	-5.245209E-6
550.483992	-4.410744E-6
550.489151	-3.516674E-6
550.494310	-2.563000E-6
550.499469	-1.728535E-6
550.504628	-8.940697E-7
550.509788	-5.960464E-8
550.514947	7.152557E-7
550.520106	1.549721E-6
550.525265	2.205372E-6
550.530425	3.039837E-6
550.535584	3.635883E-6
550.540743	4.231930E-6
550.545902	4.768372E-6
550.551061	5.304813E-6
550.556221	5.781651E-6
550.561380	6.318092E-6
550.566539	6.675720E-6
550.571698	7.033348E-6
550.576858	7.390976E-6
550.582017	7.510185E-6
550.587176	7.688999E-6
550.592335	7.867813E-6
550.597494	7.867813E-6
550.602654	7.927418E-6
550.607813	7.867813E-6
550.612972	7.748604E-6
550.618131	7.510185E-6
550.623291	7.271767E-6
550.628450	6.854534E-6
550.633609	6.496906E-6
550.638768	6.079674E-6
550.643927	5.483627E-6
550.649087	4.947186E-6
550.654246	4.410744E-6
550.659405	3.755093E-6
550.664564	3.039837E-6
550.669724	2.324581E-6
550.674883	1.490116E-6
550.680042	7.152557E-7
550.685201	-5.960464E-8
550.690360	-1.013279E-6
550.695520	-1.966953E-6
550.700679	-2.920628E-6
550.705838	-3.933907E-6
550.710997	-4.887581E-6
550.716157	-6.020069E-6
550.721316	-7.033348E-6
550.726475	-8.046627E-6
550.731634	-9.119511E-6
550.736793	-1.013279E-5
550.741953	-1.108646E-5
550.747112	-1.204014E-5
550.752271	-1.317263E-5
550.757430	-1.412630E-5
550.762590	-1.502037E-5
550.767749	-1.597404E-5
550.772908	-1.680851E-5
550.778067	-1.752377E-5
550.783226	-1.817942E-5
550.788386	-1.877546E-5
550.793545	-1.937151E-5
550.798704	-1.972914E-5
550.803863	-2.026558E-5
550.809022	-2.062321E-5
550.814182	-2.074242E-5
550.819341	-2.086163E-5
550.824500	-2.092123E-5
550.829659	-2.092123E-5
550.834819	-2.092123E-5
550.839978	-2.080202E-5
550.845137	-2.056360E-5
550.850296	-2.026558E-5
550.855455	-1.984835E-5
550.860615	-1.919270E-5
550.865774	-1.865625E-5
550.870933	-1.794100E-5
550.876092	-1.704693E-5
550.881252	-1.615286E-5
550.886411	-1.519918E-5
550.891570	-1.412630E-5
550.896729	-1.293421E-5
550.901888	-1.186132E-5
550.907048	-1.060963E-5
550.912207	-9.357929E-6
550.917366	-8.106232E-6
550.922525	-6.735325E-6
550.927685	-5.304813E-6
550.932844	-4.053116E-6
550.938003	-2.563000E-6
550.943162	-1.251698E-6
550.948321	2.384186E-7
550.953481	1.668930E-6
550.958640	3.039837E-6
550.963799	4.470348E-6
550.968958	5.841255E-6
550.974118	7.331371E-6
550.979277	8.881092E-6
550.984436	1.031160E-5
550.989595	1.186132E-5
550.994754	1.335144E-5
550.999914	1.478195E-5
551.005073	1.627207E-5
551.010232	1.764297E-5
551.015391	1.895428E-5
551.020551	2.014637E-5
551.025710	2.133846E-5
551.030869	2.235174E-5
551.036028	2.348423E-5
551.041187	2.431870E-5
551.046347	2.521276E-5
551.051506	2.598763E-5
551.056665	2.670288E-5
551.061824	2.735853E-5
551.066984	2.795458E-5
551.072143	2.855062E-5
551.077302	2.884865E-5
551.082461	2.932549E-5
551.087620	2.956390E-5
551.092780	2.956390E-5
551.097939	2.980232E-5
551.103098	2.992153E-5
551.108257	2.998114E-5
551.113417	3.004074E-5
551.118576	2.998114E-5
551.123735	2.986193E-5
551.128894	2.962351E-5
551.134053	2.920628E-5
551.139213	2.896786E-5
551.144372	2.855062E-5
551.149531	2.813339E-5
551.154690	2.753735E-5
551.159850	2.694130E-5
551.165009	2.640486E-5
551.170168	2.568960E-5
551.175327	2.515316E-5
551.180486	2.449751E-5
551.185646	2.372265E-5
551.190805	2.306700E-5
551.195964	2.229214E-5
551.201123	2.145767E-5
551.206283	2.074242E-5
551.211442	1.984835E-5
551.216601	1.907349E-5
551.221760	1.811981E-5
551.226919	1.722574E-5
551.232079	1.627207E-5
551.237238	1.525879E-5
551.242397	1.430511E-5
551.247556	1.317263E-5
551.252716	1.215935E-5
551.257875	1.108646E-5
551.263034	1.001358E-5
551.268193	9.000301E-6
551.273352	7.987022E-6
551.278512	7.033348E-6
551.283671	6.079674E-6
551.288830	5.066395E-6
551.293989	4.053116E-6
551.299149	3.039837E-6
551.304308	1.966953E-6
551.309467	1.013279E-6
551.314626	5.960464E-8
551.319785	-9.536743E-7
551.324945	-1.907349E-6
551.330104	-3.039837E-6
551.335263	-4.112720E-6
551.340422	-5.245209E-6
551.345582	-6.139278E-6
551.350741	-7.152557E-6
551.355900	-8.285046E-6
551.361059	-9.357929E-6
551.366218	-1.031160E-5
551.371378	-1.144409E-5
551.376537	-1.257658E-5
551.381696	-1.353025E-5
551.386855	-1.460314E-5
551.392015	-1.579523E-5
551.397174	-1.674891E-5
551.402333	-1.782179E-5
551.407492	-1.883507E-5
551.412651	-1.984835E-5
551.417811	-2.080202E-5
551.422970	-2.175570E-5
551.428129	-2.264977E-5
551.433288	-2.348423E-5
551.438448	-2.431870E-5
551.443607	-2.503395E-5
551.448766	-2.574921E-5
551.453925	-2.634525E-5
551.459084	-2.694130E-5
551.464244	-2.747774E-5
551.469403	-2.801418E-5
551.474562	-2.837181E-5
551.479721	-2.872944E-5
551.484881	-2.902746E-5
551.490040	-2.908707E-5
551.495199	-2.908707E-5
551.500358	-2.908707E-5
551.505517	-2.896786E-5
551.510677	-2.861023E-5
551.515836	-2.831221E-5
551.520995	-2.795458E-5
551.526154	-2.741814E-5
551.531314	-2.694130E-5
551.536473	-2.634525E-5
551.541632	-2.563000E-5
551.546791	-2.491474E-5
551.551950	-2.378225E-5
551.557110	-2.276897E-5
551.562269	-2.175570E-5
551.567428	-2.050400E-5
551.572587	-1.931190E-5
551.577747	-1.794100E-5
551.582906	-1.651049E-5
551.588065	-1.513958E-5
551.593224	-1.370907E-5
551.598383	-1.221895E-5
551.603543	-1.072884E-5
551.608702	-9.119511E-6
551.613861	-7.510185E-6
551.619020	-6.020069E-6
551.624180	-4.351139E-6
551.629339	-2.741814E-6
551.634498	-1.251698E-6
551.639657	1.192093E-7
551.644816	1.728535E-6
551.649976	3.099442E-6
551.655135	4.529953E-6
551.660294	5.841255E-6
551.665453	7.152557E-6
551.670613	8.404255E-6
551.675772	9.536743E-6
551.680931	1.072884E-5
551.686090	1.180172E-5
551.691249	1.275539E-5
551.696409	1.376867E-5
551.701568	1.454353E-5
551.706727	1.537800E-5
551.711886	1.603365E-5
551.717046	1.651049E-5
551.722205	1.704693E-5
551.727364	1.734495E-5
551.732523	1.752377E-5
551.737682	1.764297E-5
551.742842	1.758337E-5
551.748001	1.758337E-5
551.753160	1.728535E-5
551.758319	1.710653E-5
551.763478	1.674891E-5
551.768638	1.633167E-5
551.773797	1.573563E-5
551.778956	1.519918E-5
551.784115	1.448393E-5
551.789275	1.370907E-5
551.794434	1.299381E-5
551.799593	1.204014E-5
551.804752	1.120567E-5
551.809911	1.019239E-5
551.815071	9.119511E-6
551.820230	8.106232E-6
551.825389	6.973743E-6
551.830548	5.781651E-6
551.835708	4.649162E-6
551.840867	3.397465E-6
551.846026	2.264977E-6
551.851185	1.072884E-6
551.856344	-1.192093E-7
551.861504	-1.192093E-6
551.866663	-2.324581E-6
551.871822	-3.516674E-6
551.876981	-4.649162E-6
551.882141	-5.781651E-6
551.887300	-6.794930E-6
551.892459	-7.748604E-6
551.897618	-8.523464E-6
551.902777	-9.417534E-6
551.907937	-1.025200E-5
551.913096	-1.090765E-5
551.918255	-1.156330E-5
551.923414	-1.215935E-5
551.928574	-1.269579E-5
551.933733	-1.311302E-5
551.938892	-1.353025E-5
551.944051	-1.376867E-5
551.949210	-1.394749E-5
551.954370	-1.388788E-5
551.959529	-1.382828E-5
551.964688	-1.376867E-5
551.969847	-1.353025E-5
551.975007	-1.311302E-5
551.980166	-1.275539E-5
551.985325	-1.221895E-5
551.990484	-1.156330E-5
551.995643	-1.078844E-5
552.000803	-1.001358E-5
552.005962	-9.000301E-6
552.011121	-8.046627E-6
552.016280	-6.914139E-6
552.021440	-5.841255E-6
552.026599	-4.589558E-6
552.031758	-3.457069E-6
552.036917	-2.264977E-6
552.042076	-1.072884E-6
552.047236	0.000000
552.052395	1.370907E-6
552.057554	2.563000E-6
552.062713	3.755093E-6
552.067873	5.006790E-6
552.073032	6.139278E-6
552.078191	7.092953E-6
552.083350	8.225441E-6
552.088509	9.238720E-6
552.093669	1.013279E-5
552.098828	1.102686E-5
552.103987	1.186132E-5
552.109146	1.263618E-5
552.114306	1.341105E-5
552.119465	1.406670E-5
552.124624	1.466274E-5
552.129783	1.525879E-5
552.134942	1.573563E-5
552.140102	1.615286E-5
552.145261	1.621246E-5
552.150420	1.651049E-5
552.155579	1.662970E-5
552.160739	1.662970E-5
552.165898	1.662970E-5
552.171057	1.651049E-5
552.176216	1.627207E-5
552.181375	1.597404E-5
552.186535	1.555681E-5
552.191694	1.513958E-5
552.196853	1.460314E-5
552.202012	1.406670E-5
552.207172	1.329184E-5
552.212331	1.257658E-5
552.217490	1.180172E-5
552.222649	1.096725E-5
552.227808	1.007318E-5
552.232968	9.179115E-6
552.238127	8.285046E-6
552.243286	7.212162E-6
552.248445	6.258488E-6
552.253605	5.304813E-6
552.258764	4.351139E-6
552.263923	3.397465E-6
552.269082	2.443790E-6
552.274241	1.549721E-6
552.279401	8.344650E-7
552.284560	-1.192093E-7
552.289719	-8.344650E-7
552.294878	-1.549721E-6
552.300038	-2.264977E-6
552.305197	-2.861023E-6
552.310356	-3.457069E-6
552.315515	-3.933907E-6
552.320674	-4.410744E-6
552.325834	-4.708767E-6
552.330993	-5.006790E-6
552.336152	-5.245209E-6
552.341311	-5.424023E-6
552.346471	-5.543232E-6
552.351630	-5.543232E-6
552.356789	-5.424023E-6
552.361948	-5.304813E-6
552.367107	-5.006790E-6
552.372267	-4.708767E-6
552.377426	-4.470348E-6
552.382585	-3.993511E-6
552.387744	-3.695488E-6
552.392904	-3.337860E-6
552.398063	-2.801418E-6
552.403222	-2.205372E-6
552.408381	-1.609325E-6
552.413540	-1.072884E-6
552.418700	-3.576279E-7
552.423859	2.384186E-7
552.429018	1.013279E-6
552.434177	1.728535E-6
552.439337	2.324581E-6
552.444496	2.980232E-6
552.449655	3.576279E-6
552.454814	4.112720E-6
552.459973	4.529953E-6
552.465133	5.066395E-6
552.470292	5.483627E-6
552.475451	5.900860E-6
552.480610	6.139278E-6
552.485770	6.318092E-6
552.490929	6.556511E-6
552.496088	6.556511E-6
552.501247	6.616116E-6
552.506406	6.437302E-6
552.511566	6.258488E-6
552.516725	6.139278E-6
552.521884	5.722046E-6
552.527043	5.364418E-6
552.532203	4.827976E-6
552.537362	4.351139E-6
552.542521	3.695488E-6
552.547680	2.861023E-6
552.552839	2.145767E-6
552.557999	1.132488E-6
552.563158	4.172325E-7
552.568317	-6.556511E-7
552.573476	-1.668930E-6
552.578636	-2.682209E-6
552.583795	-3.814697E-6
552.588954	-5.006790E-6
552.594113	-6.258488E-6
552.599272	-7.510185E-6
552.604432	-8.761883E-6
552.609591	-1.007318E-5
552.614750	-1.144409E-5
552.619909	-1.275539E-5
552.625069	-1.418591E-5
552.630228	-1.543760E-5
552.635387	-1.662970E-5
552.640546	-1.776218E-5
552.645705	-1.883507E-5
552.650865	-1.984835E-5
552.656024	-2.086163E-5
552.661183	-2.163649E-5
552.666342	-2.241135E-5
552.671502	-2.312660E-5
552.676661	-2.366304E-5
552.681820	-2.408028E-5
552.686979	-2.455711E-5
552.692138	-2.485514E-5
552.697298	-2.509356E-5
552.702457	-2.515316E-5
552.707616	-2.515316E-5
552.712775	-2.497435E-5
552.717934	-2.473593E-5
552.723094	-2.431870E-5
552.728253	-2.378225E-5
552.733412	-2.300739E-5
552.738571	-2.223253E-5
552.743731	-2.121925E-5
552.748890	-1.996756E-5
552.754049	-1.877546E-5
552.759208	-1.734495E-5
552.764367	-1.585484E-5
552.769527	-1.430511E-5
552.774686	-1.275539E-5
552.779845	-1.114607E-5
552.785004	-9.477139E-6
552.790164	-7.867813E-6
552.795323	-6.139278E-6
552.800482	-4.470348E-6
552.805641	-2.801418E-6
552.810800	-1.072884E-6
552.815960	5.960464E-7
552.821119	2.205372E-6
552.826278	3.814697E-6
552.831437	5.424023E-6
552.836597	6.973743E-6
552.841756	8.463860E-6
552.846915	1.007318E-5
552.852074	1.150370E-5
552.857233	1.281500E-5
552.862393	1.406670E-5
552.867552	1.519918E-5
552.872711	1.633167E-5
552.877870	1.722574E-5
552.883030	1.811981E-5
552.888189	1.889467E-5
552.893348	1.955032E-5
552.898507	2.008677E-5
552.903666	2.062321E-5
552.908826	2.092123E-5
552.913985	2.104044E-5
552.919144	2.110004E-5
552.924303	2.110004E-5
552.929463	2.092123E-5
552.934622	2.068281E-5
552.939781	2.026558E-5
552.944940	1.966953E-5
552.950099	1.913309E-5
552.955259	1.835823E-5
552.960418	1.752377E-5
552.965577	1.668930E-5
552.970736	1.567602E-5
552.975896	1.466274E-5
552.981055	1.358986E-5
552.986214	1.245737E-5
552.991373	1.120567E-5
552.996532	9.894371E-6
553.001692	8.583069E-6
553.006851	7.331371E-6
553.012010	5.960464E-6
553.017169	4.589558E-6
553.022329	3.218651E-6
553.027488	1.847744E-6
553.032647	4.768372E-7
553.037806	-8.344650E-7
553.042965	-2.086163E-6
553.048125	-3.337860E-6
553.053284	-4.649162E-6
553.058443	-5.841255E-6
553.063602	-6.973743E-6
553.068762	-8.106232E-6
553.073921	-9.179115E-6
553.079080	-1.019239E-5
553.084239	-1.096725E-5
553.089398	-1.174212E-5
553.094558	-1.239777E-5
553.099717	-1.299381E-5
553.104876	-1.353025E-5
553.110035	-1.388788E-5
553.115195	-1.412630E-5
553.120354	-1.430511E-5
553.125513	-1.442432E-5
553.130672	-1.448393E-5
553.135831	-1.442432E-5
553.140991	-1.430511E-5
553.146150	-1.400709E-5
553.151309	-1.364946E-5
553.156468	-1.329184E-5
553.161628	-1.281500E-5
553.166787	-1.215935E-5
553.171946	-1.150370E-5
553.177105	-1.072884E-5
553.182264	-9.953976E-6
553.187424	-9.119511E-6
553.192583	-8.165836E-6
553.197742	-7.212162E-6
553.202901	-6.258488E-6
553.208061	-5.304813E-6
553.213220	-4.231930E-6
553.218379	-3.278255E-6
553.223538	-2.205372E-6
553.228697	-1.192093E-6
553.233857	-2.384186E-7
553.239016	8.344650E-7
553.244175	1.788139E-6
553.249334	2.682209E-6
553.254494	3.576279E-6
553.259653	4.470348E-6
553.264812	5.424023E-6
553.269971	6.198883E-6
553.275130	7.092953E-6
553.280290	7.748604E-6
553.285449	8.583069E-6
553.290608	9.238720E-6
553.295767	9.834766E-6
553.300927	1.037121E-5
553.306086	1.072884E-5
553.311245	1.114607E-5
553.316404	1.144409E-5
553.321563	1.180172E-5
553.326723	1.204014E-5
553.331882	1.227856E-5
553.337041	1.239777E-5
553.342200	1.245737E-5
553.347360	1.245737E-5
553.352519	1.239777E-5
553.357678	1.221895E-5
553.362837	1.192093E-5
553.367996	1.174212E-5
553.373156	1.138449E-5
553.378315	1.096725E-5
553.383474	1.078844E-5
553.388633	1.031160E-5
553.393793	9.953976E-6
553.398952	9.536743E-6
553.404111	9.119511E-6
553.409270	8.761883E-6
553.414429	8.285046E-6
553.419589	7.867813E-6
553.424748	7.390976E-6
553.429907	6.854534E-6
553.435066	6.318092E-6
553.440226	5.781651E-6
553.445385	5.304813E-6
553.450544	4.768372E-6
553.455703	4.291534E-6
553.460862	3.695488E-6
553.466022	3.278255E-6
553.471181	2.861023E-6
553.476340	2.503395E-6
553.481499	2.086163E-6
553.486659	1.668930E-6
553.491818	1.311302E-6
553.496977	1.132488E-6
553.502136	8.344650E-7
553.507295	5.960464E-7
553.512455	4.172325E-7
553.517614	2.384186E-7
553.522773	5.960464E-8
553.527932	-1.192093E-7
553.533092	-2.980232E-7
553.538251	-4.768372E-7
553.543410	-4.768372E-7
553.548569	-6.556511E-7
553.553728	-7.152557E-7
553.558888	-8.344650E-7
553.564047	-1.013279E-6
553.569206	-1.132488E-6
553.574365	-1.311302E-6
553.579525	-1.430511E-6
553.584684	-1.668930E-6
553.589843	-1.847744E-6
553.595002	-2.145767E-6
553.600161	-2.443790E-6
553.605321	-2.622604E-6
553.610480	-2.980232E-6
553.615639	-3.218651E-6
553.620798	-3.576279E-6
553.625957	-3.874302E-6
553.631117	-4.231930E-6
553.636276	-4.529953E-6
553.641435	-4.827976E-6
553.646594	-5.185604E-6
553.651754	-5.483627E-6
553.656913	-5.781651E-6
553.662072	-6.139278E-6
553.667231	-6.377697E-6
553.672390	-6.735325E-6
553.677550	-7.092953E-6
553.682709	-7.390976E-6
553.687868	-7.688999E-6
553.693027	-8.046627E-6
553.698187	-8.344650E-6
553.703346	-8.761883E-6
553.708505	-9.000301E-6
553.713664	-9.357929E-6
553.718823	-9.596348E-6
553.723983	-1.001358E-5
553.729142	-1.031160E-5
553.734301	-1.055002E-5
553.739460	-1.066923E-5
553.744620	-1.066923E-5
553.749779	-1.078844E-5
553.754938	-1.084805E-5
553.760097	-1.084805E-5
553.765256	-1.078844E-5
553.770416	-1.060963E-5
553.775575	-1.055002E-5
553.780734	-1.043081E-5
553.785893	-1.019239E-5
553.791053	-1.001358E-5
553.796212	-9.894371E-6
553.801371	-9.596348E-6
553.806530	-9.298325E-6
553.811689	-9.059906E-6
553.816849	-8.642673E-6
553.822008	-8.344650E-6
553.827167	-7.867813E-6
553.832326	-7.390976E-6
553.837486	-6.973743E-6
553.842645	-6.556511E-6
553.847804	-5.960464E-6
553.852963	-5.424023E-6
553.858122	-4.887581E-6
553.863282	-4.410744E-6
553.868441	-3.814697E-6
553.873600	-3.397465E-6
553.878759	-2.741814E-6
553.883919	-2.205372E-6
553.889078	-1.668930E-6
553.894237	-1.013279E-6
553.899396	-5.960464E-7
553.904555	-5.960464E-8
553.909715	5.364418E-7
553.914874	9.536743E-7
553.920033	1.490116E-6
553.925192	1.966953E-6
553.930352	2.443790E-6
553.935511	2.920628E-6
553.940670	3.337860E-6
553.945829	3.695488E-6
553.950988	4.112720E-6
553.956148	4.470348E-6
553.961307	4.827976E-6
553.966466	5.185604E-6
553.971625	5.424023E-6
553.976785	5.781651E-6
553.981944	5.900860E-6
553.987103	6.198883E-6
553.992262	6.258488E-6
553.997421	6.377697E-6
554.002581	6.496906E-6
554.007740	6.675720E-6
554.012899	6.675720E-6
554.018058	6.735325E-6
554.023218	6.735325E-6
554.028377	6.735325E-6
554.033536	6.735325E-6
554.038695	6.616116E-6
554.043854	6.556511E-6
554.049014	6.556511E-6
554.054173	6.437302E-6
554.059332	6.318092E-6
554.064491	6.139278E-6
554.069651	6.020069E-6
554.074810	5.602837E-6
554.079969	5.245209E-6
554.085128	4.827976E-6
554.090287	4.410744E-6
554.095447	3.874302E-6
554.100606	3.457069E-6
554.105765	3.039837E-6
554.110924	2.563000E-6
554.116084	2.026558E-6
554.121243	1.609325E-6
554.126402	1.132488E-6
554.131561	6.556511E-7
554.136720	2.384186E-7
554.141880	-1.192093E-7
554.147039	-5.364418E-7
554.152198	-1.013279E-6
554.157357	-1.370907E-6
554.162517	-1.788139E-6
554.167676	-2.264977E-6
554.172835	-2.741814E-6
554.177994	-3.099442E-6
554.183153	-3.576279E-6
554.188313	-3.933907E-6
554.193472	-4.231930E-6
554.198631	-4.589558E-6
554.203790	-4.827976E-6
554.208950	-5.125999E-6
554.214109	-5.304813E-6
554.219268	-5.662441E-6
554.224427	-5.781651E-6
554.229586	-5.781651E-6
554.234746	-6.020069E-6
554.239905	-6.020069E-6
554.245064	-6.020069E-6
554.250223	-5.900860E-6
554.255383	-5.841255E-6
554.260542	-5.662441E-6
554.265701	-5.543232E-6
554.270860	-5.364418E-6
554.276019	-5.066395E-6
554.281179	-4.708767E-6
554.286338	-4.470348E-6
554.291497	-3.993511E-6
554.296656	-3.755093E-6
554.301816	-3.337860E-6
554.306975	-2.980232E-6
554.312134	-2.563000E-6
554.317293	-2.086163E-6
554.322452	-1.668930E-6
554.327612	-1.132488E-6
554.332771	-5.960464E-7
554.337930	-1.192093E-7
554.343089	2.980232E-7
554.348249	7.152557E-7
554.353408	1.132488E-6
554.358567	1.609325E-6
554.363726	1.966953E-6
554.368885	2.324581E-6
554.374045	2.682209E-6
554.379204	2.980232E-6
554.384363	3.397465E-6
554.389522	3.576279E-6
554.394682	3.814697E-6
554.399841	4.053116E-6
554.405000	4.172325E-6
554.410159	4.351139E-6
554.415318	4.351139E-6
554.420478	4.470348E-6
554.425637	4.410744E-6
554.430796	4.470348E-6
554.435955	4.470348E-6
554.441115	4.291534E-6
554.446274	4.231930E-6
554.451433	4.172325E-6
554.456592	4.053116E-6
554.461751	3.874302E-6
554.466911	3.635883E-6
554.472070	3.457069E-6
554.477229	3.039837E-6
554.482388	2.741814E-6
554.487548	2.384186E-6
554.492707	1.966953E-6
554.497866	1.490116E-6
554.503025	1.072884E-6
554.508184	5.960464E-7
554.513344	1.192093E-7
554.518503	-3.576279E-7
554.523662	-6.556511E-7
554.528821	-1.072884E-6
554.533981	-1.549721E-6
554.539140	-1.788139E-6
554.544299	-2.086163E-6
554.549458	-2.443790E-6
554.554617	-2.741814E-6
554.559777	-2.920628E-6
554.564936	-3.218651E-6
554.570095	-3.337860E-6
554.575254	-3.516674E-6
554.580413	-3.635883E-6
554.585573	-3.576279E-6
554.590732	-3.635883E-6
554.595891	-3.576279E-6
554.601050	-3.516674E-6
554.606210	-3.397465E-6
554.611369	-3.218651E-6
554.616528	-3.039837E-6
554.621687	-2.801418E-6
554.626846	-2.503395E-6
554.632006	-2.145767E-6
554.637165	-1.788139E-6
554.642324	-1.490116E-6
554.647483	-1.132488E-6
554.652643	-7.152557E-7
554.657802	-2.384186E-7
554.662961	2.384186E-7
554.668120	7.748604E-7
554.673279	1.251698E-6
554.678439	1.847744E-6
554.683598	2.503395E-6
554.688757	3.099442E-6
554.693916	3.695488E-6
554.699076	4.231930E-6
554.704235	4.827976E-6
554.709394	5.483627E-6
554.714553	6.079674E-6
554.719712	6.794930E-6
554.724872	7.271767E-6
554.730031	7.867813E-6
554.735190	8.463860E-6
554.740349	8.940697E-6
554.745509	9.357929E-6
554.750668	9.775162E-6
554.755827	1.019239E-5
554.760986	1.043081E-5
554.766145	1.066923E-5
554.771305	1.090765E-5
554.776464	1.108646E-5
554.781623	1.126528E-5
554.786782	1.126528E-5
554.791942	1.126528E-5
554.797101	1.120567E-5
554.802260	1.102686E-5
554.807419	1.084805E-5
554.812578	1.055002E-5
554.817738	1.019239E-5
554.822897	9.775162E-6
554.828056	9.298325E-6
554.833215	8.821487E-6
554.838375	8.225441E-6
554.843534	7.629395E-6
554.848693	6.854534E-6
554.853852	6.079674E-6
554.859011	5.304813E-6
554.864171	4.410744E-6
554.869330	3.516674E-6
554.874489	2.622604E-6
554.879648	1.549721E-6
554.884808	5.960464E-7
554.889967	-4.172325E-7
554.895126	-1.490116E-6
554.900285	-2.503395E-6
554.905444	-3.516674E-6
554.910604	-4.589558E-6
554.915763	-5.543232E-6
554.920922	-6.556511E-6
554.926081	-7.688999E-6
554.931241	-8.702278E-6
554.936400	-9.715557E-6
554.941559	-1.060963E-5
554.946718	-1.150370E-5
554.951877	-1.245737E-5
554.957037	-1.323223E-5
554.962196	-1.394749E-5
554.967355	-1.472235E-5
554.972514	-1.531839E-5
554.977674	-1.585484E-5
554.982833	-1.615286E-5
554.987992	-1.639128E-5
554.993151	-1.680851E-5
554.998310	-1.686811E-5
555.003470	-1.698732E-5
555.008629	-1.692772E-5
555.013788	-1.686811E-5
555.018947	-1.668930E-5
555.024107	-1.651049E-5
555.029266	-1.639128E-5
555.034425	-1.591444E-5
555.039584	-1.561642E-5
555.044743	-1.519918E-5
555.049903	-1.466274E-5
555.055062	-1.412630E-5
555.060221	-1.353025E-5
555.065380	-1.281500E-5
555.070540	-1.209974E-5
555.075699	-1.132488E-5
555.080858	-1.049042E-5
555.086017	-9.596348E-6
555.091176	-8.702278E-6
555.096336	-7.808208E-6
555.101495	-6.914139E-6
555.106654	-6.079674E-6
555.111813	-5.245209E-6
555.116973	-4.410744E-6
555.122132	-3.635883E-6
555.127291	-2.861023E-6
555.132450	-2.145767E-6
555.137609	-1.549721E-6
555.142769	-9.536743E-7
555.147928	-4.172325E-7
555.153087	0.000000
555.158246	4.768372E-7
555.163406	8.344650E-7
555.168565	1.072884E-6
555.173724	1.251698E-6
555.178883	1.490116E-6
555.184042	1.668930E-6
555.189202	1.668930E-6
555.194361	1.728535E-6
555.199520	1.668930E-6
555.204679	1.549721E-6
555.209839	1.311302E-6
555.214998	1.132488E-6
555.220157	7.748604E-7
555.225316	5.364418E-7
555.230475	1.192093E-7
555.235635	-3.576279E-7
555.240794	-7.748604E-7
555.245953	-1.311302E-6
555.251112	-1.847744E-6
555.256272	-2.503395E-6
555.261431	-3.099442E-6
555.266590	-3.755093E-6
555.271749	-4.410744E-6
555.276908	-5.125999E-6
555.282068	-5.841255E-6
555.287227	-6.496906E-6
555.292386	-7.152557E-6
555.297545	-7.808208E-6
555.302705	-8.344650E-6
555.307864	-9.059906E-6
555.313023	-9.715557E-6
555.318182	-1.025200E-5
555.323341	-1.078844E-5
555.328501	-1.120567E-5
555.333660	-1.156330E-5
555.338819	-1.204014E-5
555.343978	-1.233816E-5
555.349138	-1.263618E-5
555.354297	-1.281500E-5
555.359456	-1.305342E-5
555.364615	-1.323223E-5
555.369774	-1.329184E-5
555.374934	-1.335144E-5
555.380093	-1.341105E-5
555.385252	-1.341105E-5
555.390411	-1.335144E-5
555.395571	-1.329184E-5
555.400730	-1.317263E-5
555.405889	-1.305342E-5
555.411048	-1.293421E-5
555.416207	-1.281500E-5
555.421367	-1.263618E-5
555.426526	-1.239777E-5
555.431685	-1.209974E-5
555.436844	-1.198053E-5
555.442004	-1.168251E-5
555.447163	-1.144409E-5
555.452322	-1.138449E-5
555.457481	-1.114607E-5
555.462640	-1.096725E-5
555.467800	-1.084805E-5
555.472959	-1.066923E-5
555.478118	-1.055002E-5
555.483277	-1.049042E-5
555.488437	-1.031160E-5
555.493596	-1.025200E-5
555.498755	-1.019239E-5
555.503914	-1.025200E-5
555.509073	-1.037121E-5
555.514233	-1.049042E-5
555.519392	-1.066923E-5
555.524551	-1.096725E-5
555.529710	-1.108646E-5
555.534869	-1.150370E-5
555.540029	-1.186132E-5
555.545188	-1.233816E-5
555.550347	-1.263618E-5
555.555506	-1.299381E-5
555.560666	-1.347065E-5
555.565825	-1.388788E-5
555.570984	-1.454353E-5
555.576143	-1.502037E-5
555.581302	-1.549721E-5
555.586462	-1.603365E-5
555.591621	-1.657009E-5
555.596780	-1.716614E-5
555.601939	-1.752377E-5
555.607099	-1.800060E-5
555.612258	-1.859665E-5
555.617417	-1.895428E-5
555.622576	-1.937151E-5
555.627735	-1.984835E-5
555.632895	-2.020597E-5
555.638054	-2.050400E-5
555.643213	-2.080202E-5
555.648372	-2.110004E-5
555.653532	-2.115965E-5
555.658691	-2.133846E-5
555.663850	-2.139807E-5
555.669009	-2.133846E-5
555.674168	-2.127886E-5
555.679328	-2.115965E-5
555.684487	-2.080202E-5
555.689646	-2.056360E-5
555.694805	-2.008677E-5
555.699965	-1.966953E-5
555.705124	-1.907349E-5
555.710283	-1.841784E-5
555.715442	-1.776218E-5
555.720601	-1.680851E-5
555.725761	-1.591444E-5
555.730920	-1.484156E-5
555.736079	-1.364946E-5
555.741238	-1.257658E-5
555.746398	-1.120567E-5
555.751557	-9.775162E-6
555.756716	-8.344650E-6
555.761875	-6.854534E-6
555.767034	-5.483627E-6
555.772194	-3.874302E-6
555.777353	-2.205372E-6
555.782512	-5.364418E-7
555.787671	1.013279E-6
555.792831	2.741814E-6
555.797990	4.649162E-6
555.803149	6.318092E-6
555.808308	8.046627E-6
555.813467	9.894371E-6
555.818627	1.168251E-5
555.823786	1.335144E-5
555.828945	1.507998E-5
555.834104	1.674891E-5
555.839264	1.853704E-5
555.844423	2.014637E-5
555.849582	2.181530E-5
555.854741	2.342463E-5
555.859900	2.509356E-5
555.865060	2.676249E-5
555.870219	2.819300E-5
555.875378	2.974272E-5
555.880537	3.117323E-5
555.885697	3.260374E-5
555.890856	3.385544E-5
555.896015	3.510714E-5
555.901174	3.629923E-5
555.906333	3.743172E-5
555.911493	3.850460E-5
555.916652	3.945827E-5
555.921811	4.035234E-5
555.926970	4.112720E-5
555.932130	4.196167E-5
555.937289	4.261732E-5
555.942448	4.321337E-5
555.947607	4.380941E-5
555.952766	4.422665E-5
555.957926	4.458427E-5
555.963085	4.500151E-5
555.968244	4.535913E-5
555.973403	4.553795E-5
555.978563	4.571676E-5
555.983722	4.583597E-5
555.988881	4.583597E-5
555.994040	4.571676E-5
