541.999400	-2.861023E-6
542.004560	-2.861023E-6
542.009720	-2.861023E-6
542.014880	-2.861023E-6
542.020040	-2.755059E-6
542.025200	-2.543132E-6
542.030360	-2.331204E-6
542.035520	-2.119276E-6
542.040681	-1.907349E-6
542.045841	-1.907349E-6
542.051001	-1.695421E-6
542.056161	-1.589457E-6
542.061321	-1.589457E-6
542.066481	-1.589457E-6
542.071641	-1.589457E-6
542.076802	-1.271566E-6
542.081962	-1.165602E-6
542.087122	-1.059638E-6
542.092282	-1.059638E-6
542.097442	-1.059638E-6
542.102602	-1.059638E-6
542.107762	-9.536743E-7
542.112922	-9.536743E-7
542.118083	-9.536743E-7
542.123243	-9.536743E-7
542.128403	-9.536743E-7
542.133563	-9.536743E-7
542.138723	-9.536743E-7
542.143883	-9.536743E-7
542.149043	-1.165602E-6
542.154204	-1.165602E-6
542.159364	-1.377530E-6
542.164524	-1.377530E-6
542.169684	-1.589457E-6
542.174844	-1.801385E-6
542.180004	-2.225240E-6
542.185164	-2.437168E-6
542.190324	-2.649095E-6
542.195485	-2.861023E-6
542.200645	-2.861023E-6
542.205805	-2.861023E-6
542.210965	-3.072951E-6
542.216125	-3.178914E-6
542.221285	-3.496806E-6
542.226445	-3.708733E-6
542.231605	-4.132589E-6
542.236766	-4.344516E-6
542.241926	-4.662408E-6
542.247086	-4.874335E-6
542.252246	-4.874335E-6
542.257406	-5.192227E-6
542.262566	-5.510118E-6
542.267726	-6.039937E-6
542.272887	-6.463793E-6
542.278047	-6.569756E-6
542.283207	-6.675720E-6
542.288367	-6.993612E-6
542.293527	-7.205539E-6
542.298687	-7.629395E-6
542.303847	-8.053250E-6
542.309007	-8.265177E-6
542.314168	-8.794996E-6
542.319328	-9.006924E-6
542.324488	-9.324816E-6
542.329648	-9.642707E-6
542.334808	-9.642707E-6
542.339968	-9.748671E-6
542.345128	-9.854635E-6
542.350288	-1.038445E-5
542.355449	-1.070235E-5
542.360609	-1.102024E-5
542.365769	-1.133813E-5
542.370929	-1.144409E-5
542.376089	-1.155006E-5
542.381249	-1.197391E-5
542.386409	-1.239777E-5
542.391570	-1.260969E-5
542.396730	-1.313951E-5
542.401890	-1.324548E-5
542.407050	-1.345740E-5
542.412210	-1.356337E-5
542.417370	-1.409319E-5
542.422530	-1.451704E-5
542.427690	-1.494090E-5
542.432851	-1.547072E-5
542.438011	-1.589457E-5
542.443171	-1.610650E-5
542.448331	-1.621246E-5
542.453491	-1.631843E-5
542.458651	-1.684825E-5
542.463811	-1.737807E-5
542.468971	-1.790788E-5
542.474132	-1.811981E-5
542.479292	-1.811981E-5
542.484452	-1.886156E-5
542.489612	-1.960331E-5
542.494772	-1.992120E-5
542.499932	-2.013312E-5
542.505092	-2.076891E-5
542.510253	-2.151065E-5
542.515413	-2.235836E-5
542.520573	-2.278222E-5
542.525733	-2.331204E-5
542.530893	-2.426571E-5
542.536053	-2.479553E-5
542.541213	-2.553728E-5
542.546373	-2.638499E-5
542.551534	-2.702077E-5
542.556694	-2.808041E-5
542.561854	-2.924601E-5
542.567014	-2.988180E-5
542.572174	-3.115336E-5
542.577334	-3.210704E-5
542.582494	-3.316667E-5
542.587654	-3.412035E-5
542.592815	-3.592173E-5
542.597975	-3.708733E-5
542.603135	-3.825294E-5
542.608295	-3.994836E-5
542.613455	-4.143185E-5
542.618615	-4.312727E-5
542.623775	-4.503462E-5
542.628936	-4.651811E-5
542.634096	-4.831950E-5
542.639256	-5.033281E-5
542.644416	-5.213420E-5
542.649576	-5.435944E-5
542.654736	-5.669064E-5
542.659896	-5.880992E-5
542.665056	-6.124708E-5
542.670217	-6.357829E-5
542.675377	-6.622738E-5
542.680537	-6.919437E-5
542.685697	-7.184347E-5
542.690857	-7.417467E-5
542.696017	-7.714166E-5
542.701177	-8.042653E-5
542.706338	-8.318159E-5
542.711498	-8.667840E-5
542.716658	-8.985731E-5
542.721818	-9.356605E-5
542.726978	-9.727478E-5
542.732138	-0.000101
542.737298	-0.000105
542.742458	-0.000109
542.747619	-0.000114
542.752779	-0.000118
542.757939	-0.000122
542.763099	-0.000127
542.768259	-0.000132
542.773419	-0.000137
542.778579	-0.000142
542.783739	-0.000147
542.788900	-0.000152
542.794060	-0.000157
542.799220	-0.000163
542.804380	-0.000169
542.809540	-0.000175
542.814700	-0.000181
542.819860	-0.000187
542.825021	-0.000194
542.830181	-0.000201
542.835341	-0.000207
542.840501	-0.000215
542.845661	-0.000222
542.850821	-0.000229
542.855981	-0.000237
542.861141	-0.000245
542.866302	-0.000253
542.871462	-0.000261
542.876622	-0.000269
542.881782	-0.000278
542.886942	-0.000287
542.892102	-0.000296
542.897262	-0.000306
542.902422	-0.000315
542.907583	-0.000325
542.912743	-0.000335
542.917903	-0.000346
542.923063	-0.000356
542.928223	-0.000367
542.933383	-0.000379
542.938543	-0.000390
542.943704	-0.000402
542.948864	-0.000414
542.954024	-0.000426
542.959184	-0.000438
542.964344	-0.000451
542.969504	-0.000464
542.974664	-0.000478
542.979824	-0.000491
542.984985	-0.000505
542.990145	-0.000519
542.995305	-0.000533
543.000465	-0.000547
543.005625	-0.000561
543.010785	-0.000576
543.015945	-0.000591
543.021105	-0.000605
543.026266	-0.000620
543.031426	-0.000635
543.036586	-0.000650
543.041746	-0.000665
543.046906	-0.000680
543.052066	-0.000695
543.057226	-0.000709
543.062387	-0.000724
543.067547	-0.000739
543.072707	-0.000753
543.077867	-0.000767
543.083027	-0.000781
543.088187	-0.000795
543.093347	-0.000808
543.098507	-0.000822
543.103668	-0.000834
543.108828	-0.000847
543.113988	-0.000858
543.119148	-0.000869
543.124308	-0.000879
543.129468	-0.000888
543.134628	-0.000897
543.139788	-0.000903
543.144949	-0.000909
543.150109	-0.000914
543.155269	-0.000918
543.160429	-0.000920
543.165589	-0.000920
543.170749	-0.000919
543.175909	-0.000917
543.181070	-0.000913
543.186230	-0.000907
543.191390	-0.000900
543.196550	-0.000890
543.201710	-0.000879
543.206870	-0.000866
543.212030	-0.000850
543.217190	-0.000833
543.222351	-0.000813
543.227511	-0.000791
543.232671	-0.000766
543.237831	-0.000738
543.242991	-0.000708
543.248151	-0.000675
543.253311	-0.000640
543.258472	-0.000602
543.263632	-0.000562
543.268792	-0.000518
543.273952	-0.000472
543.279112	-0.000424
543.284272	-0.000372
543.289432	-0.000317
543.294592	-0.000260
543.299753	-0.000199
543.304913	-0.000135
543.310073	-6.675720E-5
543.315233	4.874335E-6
543.320393	8.000268E-5
543.325553	0.000159
543.330713	0.000242
543.335873	0.000329
543.341034	0.000419
543.346194	0.000512
543.351354	0.000609
543.356514	0.000708
543.361674	0.000810
543.366834	0.000915
543.371994	0.001022
543.377155	0.001130
543.382315	0.001241
543.387475	0.001353
543.392635	0.001467
543.397795	0.001584
543.402955	0.001700
543.408115	0.001817
543.413275	0.001934
543.418436	0.002052
543.423596	0.002170
543.428756	0.002288
543.433916	0.002405
543.439076	0.002522
543.444236	0.002638
543.449396	0.002753
543.454556	0.002866
543.459717	0.002975
543.464877	0.003083
543.470037	0.003187
543.475197	0.003287
543.480357	0.003382
543.485517	0.003473
543.490677	0.003556
543.495838	0.003633
543.500998	0.003703
543.506158	0.003766
543.511318	0.003823
543.516478	0.003872
543.521638	0.003912
543.526798	0.003945
543.531958	0.003970
543.537119	0.003986
543.542279	0.003993
543.547439	0.003991
543.552599	0.003980
543.557759	0.003958
543.562919	0.003928
543.568079	0.003888
543.573239	0.003839
543.578400	0.003780
543.583560	0.003712
543.588720	0.003634
543.593880	0.003547
543.599040	0.003450
543.604200	0.003343
543.609360	0.003228
543.614521	0.003104
543.619681	0.002970
543.624841	0.002829
543.630001	0.002680
543.635161	0.002523
543.640321	0.002358
543.645481	0.002182
543.650641	0.002002
543.655802	0.001813
543.660962	0.001617
543.666122	0.001415
543.671282	0.001207
543.676442	0.000994
543.681602	0.000776
543.686762	0.000553
543.691922	0.000328
543.697083	9.971195E-5
543.702243	-0.000129
543.707403	-0.000360
543.712563	-0.000589
543.717723	-0.000817
543.722883	-0.001041
543.728043	-0.001261
543.733204	-0.001476
543.738364	-0.001686
543.743524	-0.001890
543.748684	-0.002087
543.753844	-0.002278
543.759004	-0.002462
543.764164	-0.002639
543.769324	-0.002807
543.774485	-0.002968
543.779645	-0.003118
543.784805	-0.003259
543.789965	-0.003386
543.795125	-0.003502
543.800285	-0.003607
543.805445	-0.003697
543.810606	-0.003775
543.815766	-0.003838
543.820926	-0.003887
543.826086	-0.003922
543.831246	-0.003943
543.836406	-0.003950
543.841566	-0.003943
543.846726	-0.003922
543.851887	-0.003887
543.857047	-0.003840
543.862207	-0.003781
543.867367	-0.003710
543.872527	-0.003629
543.877687	-0.003537
543.882847	-0.003436
543.888007	-0.003327
543.893168	-0.003211
543.898328	-0.003089
543.903488	-0.002960
543.908648	-0.002827
543.913808	-0.002688
543.918968	-0.002546
543.924128	-0.002399
543.929289	-0.002249
543.934449	-0.002097
543.939609	-0.001943
543.944769	-0.001788
543.949929	-0.001632
543.955089	-0.001477
543.960249	-0.001323
543.965409	-0.001168
543.970570	-0.001019
543.975730	-0.000872
543.980890	-0.000729
543.986050	-0.000589
543.991210	-0.000453
543.996370	-0.000322
544.001530	-0.000196
544.006690	-7.322099E-5
544.011851	4.174974E-5
544.017011	0.000150
544.022171	0.000253
544.027331	0.000349
544.032491	0.000438
544.037651	0.000520
544.042811	0.000595
544.047972	0.000662
544.053132	0.000720
544.058292	0.000771
544.063452	0.000815
544.068612	0.000850
544.073772	0.000878
544.078932	0.000897
544.084092	0.000910
544.089253	0.000915
544.094413	0.000913
544.099573	0.000904
544.104733	0.000889
544.109893	0.000867
544.115053	0.000840
544.120213	0.000807
544.125373	0.000770
544.130534	0.000728
544.135694	0.000682
544.140854	0.000632
544.146014	0.000580
544.151174	0.000525
544.156334	0.000468
544.161494	0.000409
544.166655	0.000348
544.171815	0.000287
544.176975	0.000224
544.182135	0.000161
544.187295	9.727478E-5
544.192455	3.380246E-5
544.197615	-3.072951E-5
544.202775	-9.346008E-5
544.207936	-0.000155
544.213096	-0.000214
544.218256	-0.000270
544.223416	-0.000324
544.228576	-0.000374
544.233736	-0.000421
544.238896	-0.000464
544.244056	-0.000503
544.249217	-0.000538
544.254377	-0.000568
544.259537	-0.000595
544.264697	-0.000617
544.269857	-0.000634
544.275017	-0.000647
544.280177	-0.000655
544.285338	-0.000659
544.290498	-0.000659
544.295658	-0.000653
544.300818	-0.000643
544.305978	-0.000628
544.311138	-0.000609
544.316298	-0.000584
544.321458	-0.000555
544.326619	-0.000522
544.331779	-0.000485
544.336939	-0.000444
544.342099	-0.000399
544.347259	-0.000351
544.352419	-0.000299
544.357579	-0.000245
544.362740	-0.000189
544.367900	-0.000130
544.373060	-7.099575E-5
544.378220	-1.091427E-5
544.383380	4.990896E-5
544.388540	0.000112
544.393700	0.000175
544.398860	0.000237
544.404021	0.000298
544.409181	0.000358
544.414341	0.000417
544.419501	0.000474
544.424661	0.000530
544.429821	0.000584
544.434981	0.000635
544.440141	0.000683
544.445302	0.000730
544.450462	0.000772
544.455622	0.000811
544.460782	0.000847
544.465942	0.000879
544.471102	0.000908
544.476262	0.000932
544.481423	0.000953
544.486583	0.000969
544.491743	0.000981
544.496903	0.000988
544.502063	0.000992
544.507223	0.000991
544.512383	0.000986
544.517543	0.000977
544.522704	0.000964
544.527864	0.000947
544.533024	0.000927
544.538184	0.000902
544.543344	0.000874
544.548504	0.000842
544.553664	0.000807
544.558824	0.000767
544.563985	0.000725
544.569145	0.000678
544.574305	0.000629
544.579465	0.000578
544.584625	0.000525
544.589785	0.000471
544.594945	0.000416
544.600106	0.000362
544.605266	0.000308
544.610426	0.000255
544.615586	0.000202
544.620746	0.000150
544.625906	9.939406E-5
544.631066	4.959106E-5
544.636226	1.165602E-6
544.641387	-4.673004E-5
544.646547	-9.282430E-5
544.651707	-0.000138
544.656867	-0.000181
544.662027	-0.000223
544.667187	-0.000263
544.672347	-0.000301
544.677507	-0.000336
544.682668	-0.000368
544.687828	-0.000398
544.692988	-0.000424
544.698148	-0.000448
544.703308	-0.000469
544.708468	-0.000486
544.713628	-0.000500
544.718789	-0.000512
544.723949	-0.000519
544.729109	-0.000524
544.734269	-0.000526
544.739429	-0.000524
544.744589	-0.000520
544.749749	-0.000512
544.754909	-0.000502
544.760070	-0.000488
544.765230	-0.000473
544.770390	-0.000454
544.775550	-0.000433
544.780710	-0.000410
544.785870	-0.000385
544.791030	-0.000358
544.796190	-0.000329
544.801351	-0.000299
544.806511	-0.000268
544.811671	-0.000234
544.816831	-0.000201
544.821991	-0.000166
544.827151	-0.000131
544.832311	-9.589725E-5
544.837472	-6.008148E-5
544.842632	-2.490150E-5
544.847792	9.430779E-6
544.852952	4.323324E-5
544.858112	7.618798E-5
544.863272	0.000108
544.868432	0.000139
544.873592	0.000168
544.878753	0.000196
544.883913	0.000222
544.889073	0.000247
544.894233	0.000270
544.899393	0.000290
544.904553	0.000309
544.909713	0.000326
544.914874	0.000340
544.920034	0.000352
544.925194	0.000362
544.930354	0.000370
544.935514	0.000375
544.940674	0.000378
544.945834	0.000379
544.950994	0.000377
544.956155	0.000374
544.961315	0.000367
544.966475	0.000359
544.971635	0.000349
544.976795	0.000337
544.981955	0.000323
544.987115	0.000308
544.992275	0.000292
544.997436	0.000274
545.002596	0.000256
545.007756	0.000236
545.012916	0.000216
545.018076	0.000195
545.023236	0.000173
545.028396	0.000151
545.033557	0.000129
545.038717	0.000106
545.043877	8.296967E-5
545.049037	6.092919E-5
545.054197	3.878276E-5
545.059357	1.716614E-5
545.064517	-3.602770E-6
545.069677	-2.373589E-5
545.074838	-4.270342E-5
545.079998	-6.082323E-5
545.085158	-7.756551E-5
545.090318	-9.367201E-5
545.095478	-0.000108
545.100638	-0.000122
545.105798	-0.000134
545.110958	-0.000145
545.116119	-0.000154
545.121279	-0.000162
545.126439	-0.000169
545.131599	-0.000174
545.136759	-0.000178
545.141919	-0.000181
545.147079	-0.000182
545.152240	-0.000182
545.157400	-0.000181
545.162560	-0.000178
545.167720	-0.000174
545.172880	-0.000169
545.178040	-0.000163
545.183200	-0.000156
545.188360	-0.000148
545.193521	-0.000139
545.198681	-0.000129
545.203841	-0.000119
545.209001	-0.000108
545.214161	-9.663900E-5
545.219321	-8.455912E-5
545.224481	-7.237328E-5
545.229641	-6.008148E-5
545.234802	-4.757775E-5
545.239962	-3.507402E-5
545.245122	-2.299415E-5
545.250282	-1.080831E-5
545.255442	7.417467E-7
545.260602	1.229180E-5
545.265762	2.310011E-5
545.270923	3.359053E-5
545.276083	4.376305E-5
545.281243	5.308787E-5
545.286403	6.177690E-5
545.291563	6.972419E-5
545.296723	7.692973E-5
545.301883	8.349948E-5
545.307043	8.879768E-5
545.312204	9.324816E-5
545.317364	9.642707E-5
545.322524	9.886424E-5
545.327684	9.981791E-5
545.332844	9.971195E-5
545.338004	9.833442E-5
545.343164	9.600321E-5
545.348324	9.271834E-5
545.353485	8.847978E-5
545.358645	8.360545E-5
545.363805	7.735358E-5
545.368965	7.099575E-5
545.374125	6.347232E-5
545.379285	5.563100E-5
545.384445	4.683601E-5
545.389606	3.804101E-5
545.394766	2.882216E-5
545.399926	1.907349E-5
545.405086	9.112888E-6
545.410246	-8.477105E-7
545.415406	-1.112620E-5
545.420566	-2.108680E-5
545.425726	-3.125932E-5
545.430887	-4.132589E-5
545.436047	-5.096859E-5
545.441207	-6.039937E-5
545.446367	-6.940630E-5
545.451527	-7.777744E-5
545.456687	-8.593665E-5
545.461847	-9.324816E-5
545.467008	-0.000100
545.472168	-0.000107
545.477328	-0.000112
545.482488	-0.000117
545.487648	-0.000121
545.492808	-0.000124
545.497968	-0.000126
545.503128	-0.000128
545.508289	-0.000128
545.513449	-0.000128
545.518609	-0.000126
545.523769	-0.000124
545.528929	-0.000121
545.534089	-0.000116
545.539249	-0.000112
545.544409	-0.000106
545.549570	-9.918213E-5
545.554730	-9.197659E-5
545.559890	-8.381738E-5
545.565050	-7.565816E-5
545.570210	-6.654527E-5
545.575370	-5.700853E-5
545.580530	-4.747179E-5
545.585691	-3.719330E-5
545.590851	-2.691481E-5
545.596011	-1.642439E-5
545.601171	-5.722046E-6
545.606331	4.556444E-6
545.611491	1.483493E-5
545.616651	2.490150E-5
545.621811	3.528595E-5
545.626972	4.492866E-5
545.632132	5.414751E-5
545.637292	6.315443E-5
545.642452	7.173750E-5
545.647612	7.926093E-5
545.652772	8.625454E-5
545.657932	9.261237E-5
545.663092	9.780460E-5
545.668253	0.000102
545.673413	0.000106
545.678573	0.000109
545.683733	0.000111
545.688893	0.000112
545.694053	0.000112
545.699213	0.000111
545.704374	0.000110
545.709534	0.000107
545.714694	0.000104
545.719854	9.960598E-5
545.725014	9.430779E-5
545.730174	8.847978E-5
545.735334	8.191003E-5
545.740494	7.470449E-5
545.745655	6.707509E-5
545.750815	5.902184E-5
545.755975	5.022685E-5
545.761135	4.111396E-5
545.766295	3.168318E-5
545.771455	2.214644E-5
545.776615	1.218584E-5
545.781775	2.331204E-6
545.786936	-7.841322E-6
545.792096	-1.769596E-5
545.797256	-2.765656E-5
545.802416	-3.719330E-5
545.807576	-4.673004E-5
545.812736	-5.563100E-5
545.817896	-6.453196E-5
545.823057	-7.247925E-5
545.828217	-8.032057E-5
545.833377	-8.752611E-5
545.838537	-9.451972E-5
545.843697	-0.000101
545.848857	-0.000106
545.854017	-0.000111
545.859177	-0.000116
545.864338	-0.000119
545.869498	-0.000122
545.874658	-0.000124
545.879818	-0.000126
545.884978	-0.000127
545.890138	-0.000127
545.895298	-0.000126
545.900458	-0.000124
545.905619	-0.000122
545.910779	-0.000118
545.915939	-0.000115
545.921099	-0.000110
545.926259	-0.000105
545.931419	-9.918213E-5
545.936579	-9.261237E-5
545.941740	-8.561876E-5
545.946900	-7.841322E-5
545.952060	-7.046594E-5
545.957220	-6.251865E-5
545.962380	-5.404154E-5
545.967540	-4.535251E-5
545.972700	-3.623962E-5
545.977860	-2.733866E-5
545.983021	-1.811981E-5
545.988181	-9.430779E-6
545.993341	-3.178914E-7
545.998501	8.477105E-6
546.003661	1.706017E-5
546.008821	2.553728E-5
546.013981	3.422631E-5
546.019142	4.227956E-5
546.024302	5.012088E-5
546.029462	5.775028E-5
546.034622	6.516774E-5
546.039782	7.205539E-5
546.044942	7.841322E-5
546.050102	8.477105E-5
546.055262	9.017520E-5
546.060423	9.526147E-5
546.065583	9.971195E-5
546.070743	0.000104
546.075903	0.000107
546.081063	0.000109
546.086223	0.000111
546.091383	0.000112
546.096543	0.000113
546.101704	0.000113
546.106864	0.000112
546.112024	0.000111
546.117184	0.000109
546.122344	0.000106
546.127504	0.000103
546.132664	0.000100
546.137825	9.663900E-5
546.142985	9.250641E-5
546.148145	8.805593E-5
546.153305	8.339352E-5
546.158465	7.841322E-5
546.163625	7.353889E-5
546.168785	6.834666E-5
546.173945	6.294250E-5
546.179106	5.764431E-5
546.184266	5.234612E-5
546.189426	4.662408E-5
546.194586	4.121992E-5
546.199746	3.602770E-5
546.204906	3.041161E-5
546.210066	2.500746E-5
546.215226	2.023909E-5
546.220387	1.536475E-5
546.225547	1.038445E-5
546.230707	5.722046E-6
546.235867	1.589457E-6
546.241027	-2.649095E-6
546.246187	-6.145901E-6
546.251347	-9.960598E-6
546.256508	-1.313951E-5
546.261668	-1.610650E-5
546.266828	-1.886156E-5
546.271988	-2.129873E-5
546.277148	-2.341800E-5
546.282308	-2.490150E-5
546.287468	-2.627903E-5
546.292628	-2.755059E-5
546.297789	-2.839830E-5
546.302949	-2.892812E-5
546.308109	-2.914005E-5
546.313269	-2.914005E-5
546.318429	-2.871619E-5
546.323589	-2.829234E-5
546.328749	-2.755059E-5
546.333909	-2.627903E-5
546.339070	-2.521939E-5
546.344230	-2.373589E-5
546.349390	-2.246433E-5
546.354550	-2.076891E-5
546.359710	-1.864963E-5
546.364870	-1.684825E-5
546.370030	-1.483493E-5
546.375191	-1.292759E-5
546.380351	-1.080831E-5
546.385511	-8.794996E-6
546.390671	-6.675720E-6
546.395831	-4.874335E-6
546.400991	-2.861023E-6
546.406151	-7.417467E-7
546.411311	1.165602E-6
546.416472	2.966987E-6
546.421632	4.450480E-6
546.426792	6.145901E-6
546.431952	7.841322E-6
546.437112	9.006924E-6
546.442272	1.059638E-5
546.447432	1.144409E-5
546.452592	1.250373E-5
546.457753	1.271566E-5
546.462913	1.335144E-5
546.468073	1.377530E-5
546.473233	1.398722E-5
546.478393	1.409319E-5
546.483553	1.388126E-5
546.488713	1.377530E-5
546.493874	1.324548E-5
546.499034	1.260969E-5
546.504194	1.186795E-5
546.509354	1.091427E-5
546.514514	1.017253E-5
546.519674	8.900960E-6
546.524834	7.947286E-6
546.529994	6.463793E-6
546.535155	5.192227E-6
546.540315	3.708733E-6
546.545475	2.437168E-6
546.550635	1.165602E-6
546.555795	-4.238553E-7
546.560955	-1.801385E-6
546.566115	-3.602770E-6
546.571276	-4.874335E-6
546.576436	-6.251865E-6
546.581596	-7.735358E-6
546.586756	-9.430779E-6
546.591916	-1.059638E-5
546.597076	-1.197391E-5
546.602236	-1.345740E-5
546.607396	-1.462301E-5
546.612557	-1.578861E-5
546.617717	-1.684825E-5
546.622877	-1.769596E-5
546.628037	-1.854367E-5
546.633197	-1.907349E-5
546.638357	-1.981523E-5
546.643517	-2.013312E-5
546.648677	-2.066294E-5
546.653838	-2.076891E-5
546.658998	-2.076891E-5
546.664158	-2.087487E-5
546.669318	-2.076891E-5
546.674478	-2.023909E-5
546.679638	-2.002716E-5
546.684798	-1.970927E-5
546.689959	-1.843770E-5
546.695119	-1.801385E-5
546.700279	-1.706017E-5
546.705439	-1.600054E-5
546.710599	-1.483493E-5
546.715759	-1.356337E-5
546.720919	-1.250373E-5
546.726079	-1.112620E-5
546.731240	-9.854635E-6
546.736400	-8.371141E-6
546.741560	-6.781684E-6
546.746720	-5.192227E-6
546.751880	-3.814697E-6
546.757040	-2.225240E-6
546.762200	-4.238553E-7
546.767360	1.059638E-6
546.772521	2.437168E-6
546.777681	4.132589E-6
546.782841	5.616082E-6
546.788001	7.311503E-6
546.793161	8.689033E-6
546.798321	1.006656E-5
546.803481	1.144409E-5
546.808642	1.271566E-5
546.813802	1.366933E-5
546.818962	1.472897E-5
546.824122	1.578861E-5
546.829282	1.642439E-5
546.834442	1.684825E-5
546.839602	1.727210E-5
546.844762	1.737807E-5
546.849923	1.758999E-5
546.855083	1.758999E-5
546.860243	1.737807E-5
546.865403	1.695421E-5
546.870563	1.642439E-5
546.875723	1.589457E-5
546.880883	1.504686E-5
546.886043	1.398722E-5
546.891204	1.292759E-5
546.896364	1.176198E-5
546.901524	1.027849E-5
546.906684	8.794996E-6
546.911844	7.205539E-6
546.917004	5.298191E-6
546.922164	3.708733E-6
546.927325	1.801385E-6
546.932485	-1.059638E-7
546.937645	-2.543132E-6
546.942805	-4.450480E-6
546.947965	-6.463793E-6
546.953125	-8.689033E-6
546.958285	-1.112620E-5
546.963445	-1.313951E-5
546.968606	-1.557668E-5
546.973766	-1.780192E-5
546.978926	-2.002716E-5
546.984086	-2.235836E-5
546.989246	-2.500746E-5
546.994406	-2.712674E-5
546.999566	-2.966987E-5
547.004726	-3.189511E-5
547.009887	-3.422631E-5
547.015047	-3.655752E-5
547.020207	-3.878276E-5
547.025367	-4.079607E-5
547.030527	-4.291534E-5
547.035687	-4.471673E-5
547.040847	-4.630619E-5
547.046008	-4.810757E-5
547.051168	-4.959106E-5
547.056328	-5.096859E-5
547.061488	-5.202823E-5
547.066648	-5.319383E-5
547.071808	-5.414751E-5
547.076968	-5.499522E-5
547.082128	-5.563100E-5
547.087289	-5.605486E-5
547.092449	-5.637275E-5
547.097609	-5.658468E-5
547.102769	-5.647871E-5
547.107929	-5.637275E-5
547.113089	-5.605486E-5
547.118249	-5.541907E-5
547.123410	-5.457136E-5
547.128570	-5.372365E-5
547.133730	-5.255805E-5
547.138890	-5.139245E-5
547.144050	-4.980299E-5
547.149210	-4.842546E-5
547.154370	-4.651811E-5
547.159530	-4.450480E-5
547.164691	-4.238553E-5
547.169851	-3.994836E-5
547.175011	-3.729926E-5
547.180171	-3.486209E-5
547.185331	-3.200107E-5
547.190491	-2.914005E-5
547.195651	-2.627903E-5
547.200811	-2.320608E-5
547.205972	-2.013312E-5
547.211132	-1.716614E-5
547.216292	-1.409319E-5
547.221452	-1.070235E-5
547.226612	-7.735358E-6
547.231772	-4.556444E-6
547.236932	-1.165602E-6
547.242093	2.013312E-6
547.247253	5.086263E-6
547.252413	8.689033E-6
547.257573	1.186795E-5
547.262733	1.504686E-5
547.267893	1.811981E-5
547.273053	2.119276E-5
547.278213	2.437168E-5
547.283374	2.723270E-5
547.288534	3.041161E-5
547.293694	3.284878E-5
547.298854	3.581577E-5
547.304014	3.888872E-5
547.309174	4.121992E-5
547.314334	4.376305E-5
547.319494	4.609426E-5
547.324655	4.842546E-5
547.329815	5.065070E-5
547.334975	5.255805E-5
547.340135	5.467733E-5
547.345295	5.637275E-5
547.350455	5.806817E-5
547.355615	5.944570E-5
547.360776	6.103516E-5
547.365936	6.230672E-5
547.371096	6.357829E-5
547.376256	6.442600E-5
547.381416	6.537967E-5
547.386576	6.612142E-5
547.391736	6.675720E-5
547.396896	6.728702E-5
547.402057	6.749895E-5
547.407217	6.760491E-5
547.412377	6.760491E-5
547.417537	6.739299E-5
547.422697	6.718106E-5
547.427857	6.665124E-5
547.433017	6.601546E-5
547.438177	6.506178E-5
547.443338	6.410811E-5
547.448498	6.326040E-5
547.453658	6.188287E-5
547.458818	6.061130E-5
547.463978	5.944570E-5
547.469138	5.732642E-5
547.474298	5.594889E-5
547.479459	5.435944E-5
547.484619	5.245209E-5
547.489779	5.022685E-5
547.494939	4.810757E-5
547.500099	4.588233E-5
547.505259	4.355113E-5
547.510419	4.090203E-5
547.515579	3.835890E-5
547.520740	3.592173E-5
547.525900	3.327264E-5
547.531060	3.019969E-5
547.536220	2.733866E-5
547.541380	2.415975E-5
547.546540	2.140469E-5
547.551700	1.811981E-5
547.556860	1.515283E-5
547.562021	1.197391E-5
547.567181	9.218852E-6
547.572341	5.933974E-6
547.577501	3.072951E-6
547.582661	3.178914E-7
547.587821	-3.178914E-6
547.592981	-5.933974E-6
547.598142	-8.900960E-6
547.603302	-1.197391E-5
547.608462	-1.525879E-5
547.613622	-1.811981E-5
547.618782	-2.119276E-5
547.623942	-2.415975E-5
547.629102	-2.691481E-5
547.634262	-2.988180E-5
547.639423	-3.274282E-5
547.644583	-3.539191E-5
547.649743	-3.825294E-5
547.654903	-4.079607E-5
547.660063	-4.323324E-5
547.665223	-4.567040E-5
547.670383	-4.789564E-5
547.675544	-5.033281E-5
547.680704	-5.245209E-5
547.685864	-5.467733E-5
547.691024	-5.669064E-5
547.696184	-5.838606E-5
547.701344	-6.018745E-5
547.706504	-6.167094E-5
547.711664	-6.273058E-5
547.716825	-6.410811E-5
547.721985	-6.537967E-5
547.727145	-6.622738E-5
547.732305	-6.707509E-5
547.737465	-6.760491E-5
547.742625	-6.781684E-5
547.747785	-6.802877E-5
547.752945	-6.813473E-5
547.758106	-6.813473E-5
547.763266	-6.760491E-5
547.768426	-6.707509E-5
547.773586	-6.633335E-5
547.778746	-6.527371E-5
547.783906	-6.421407E-5
547.789066	-6.273058E-5
547.794227	-6.135305E-5
547.799387	-5.944570E-5
547.804547	-5.732642E-5
547.809707	-5.520715E-5
547.814867	-5.276998E-5
547.820027	-5.033281E-5
547.825187	-4.778968E-5
547.830347	-4.514058E-5
547.835508	-4.217360E-5
547.840668	-3.888872E-5
547.845828	-3.581577E-5
547.850988	-3.263685E-5
547.856148	-2.924601E-5
547.861308	-2.564324E-5
547.866468	-2.225240E-5
547.871628	-1.854367E-5
547.876789	-1.494090E-5
547.881949	-1.155006E-5
547.887109	-8.053250E-6
547.892269	-4.344516E-6
547.897429	-8.477105E-7
547.902589	2.437168E-6
547.907749	5.616082E-6
547.912910	9.218852E-6
547.918070	1.250373E-5
547.923230	1.547072E-5
547.928390	1.822578E-5
547.933550	2.119276E-5
547.938710	2.384186E-5
547.943870	2.670288E-5
547.949030	2.914005E-5
547.954191	3.125932E-5
547.959351	3.316667E-5
547.964511	3.496806E-5
547.969671	3.634559E-5
547.974831	3.772312E-5
547.979991	3.899468E-5
547.985151	3.984239E-5
547.990311	4.079607E-5
547.995472	4.111396E-5
548.000632	4.143185E-5
548.005792	4.174974E-5
548.010952	4.164378E-5
548.016112	4.132589E-5
548.021272	4.090203E-5
548.026432	4.026625E-5
548.031593	3.952450E-5
548.036753	3.804101E-5
548.041913	3.708733E-5
548.047073	3.549788E-5
548.052233	3.380246E-5
548.057393	3.221300E-5
548.062553	3.019969E-5
548.067713	2.808041E-5
548.072874	2.574921E-5
548.078034	2.320608E-5
548.083194	2.066294E-5
548.088354	1.822578E-5
548.093514	1.578861E-5
548.098674	1.303355E-5
548.103834	1.006656E-5
548.108994	7.205539E-6
548.114155	4.238553E-6
548.119315	1.695421E-6
548.124475	-1.059638E-6
548.129635	-3.920661E-6
548.134795	-6.463793E-6
548.139955	-9.324816E-6
548.145115	-1.186795E-5
548.150276	-1.430511E-5
548.155436	-1.663632E-5
548.160596	-1.875559E-5
548.165756	-2.098083E-5
548.170916	-2.320608E-5
548.176076	-2.490150E-5
548.181236	-2.627903E-5
548.186396	-2.818637E-5
548.191557	-2.945794E-5
548.196717	-3.062354E-5
548.201877	-3.147125E-5
548.207037	-3.221300E-5
548.212197	-3.263685E-5
548.217357	-3.316667E-5
548.222517	-3.316667E-5
548.227678	-3.316667E-5
548.232838	-3.284878E-5
548.237998	-3.221300E-5
548.243158	-3.147125E-5
548.248318	-3.072951E-5
548.253478	-2.945794E-5
548.258638	-2.808041E-5
548.263798	-2.649095E-5
548.268959	-2.468957E-5
548.274119	-2.288818E-5
548.279279	-2.045102E-5
548.284439	-1.811981E-5
548.289599	-1.600054E-5
548.294759	-1.313951E-5
548.299919	-1.049042E-5
548.305079	-7.735358E-6
548.310240	-5.086263E-6
548.315400	-2.543132E-6
548.320560	3.178914E-7
548.325720	2.861023E-6
548.330880	5.510118E-6
548.336040	8.371141E-6
548.341200	1.080831E-5
548.346361	1.335144E-5
548.351521	1.578861E-5
548.356681	1.790788E-5
548.361841	2.013312E-5
548.367001	2.225240E-5
548.372161	2.426571E-5
548.377321	2.617306E-5
548.382481	2.818637E-5
548.387642	2.945794E-5
548.392802	3.072951E-5
548.397962	3.200107E-5
548.403122	3.295475E-5
548.408282	3.369649E-5
548.413442	3.422631E-5
548.418602	3.475613E-5
548.423762	3.486209E-5
548.428923	3.486209E-5
548.434083	3.465017E-5
548.439243	3.443824E-5
548.444403	3.359053E-5
548.449563	3.295475E-5
548.454723	3.200107E-5
548.459883	3.072951E-5
548.465044	2.988180E-5
548.470204	2.808041E-5
548.475364	2.691481E-5
548.480524	2.511342E-5
548.485684	2.362993E-5
548.490844	2.172258E-5
548.496004	1.970927E-5
548.501164	1.748403E-5
548.506325	1.557668E-5
548.511485	1.345740E-5
548.516645	1.112620E-5
548.521805	9.324816E-6
548.526965	6.993612E-6
548.532125	4.662408E-6
548.537285	2.755059E-6
548.542445	7.417467E-7
548.547606	-1.589457E-6
548.552766	-3.284878E-6
548.557926	-5.192227E-6
548.563086	-6.993612E-6
548.568246	-8.900960E-6
548.573406	-1.038445E-5
548.578566	-1.176198E-5
548.583727	-1.313951E-5
548.588887	-1.441108E-5
548.594047	-1.557668E-5
548.599207	-1.631843E-5
548.604367	-1.716614E-5
548.609527	-1.727210E-5
548.614687	-1.748403E-5
548.619847	-1.758999E-5
548.625008	-1.737807E-5
548.630168	-1.716614E-5
548.635328	-1.674228E-5
548.640488	-1.621246E-5
548.645648	-1.536475E-5
548.650808	-1.441108E-5
548.655968	-1.335144E-5
548.661128	-1.229180E-5
548.666289	-1.102024E-5
548.671449	-9.642707E-6
548.676609	-8.159214E-6
548.681769	-6.357829E-6
548.686929	-4.980299E-6
548.692089	-3.390842E-6
548.697249	-1.589457E-6
548.702410	0.000000
548.707570	1.483493E-6
548.712730	2.755059E-6
548.717890	4.344516E-6
548.723050	5.722046E-6
548.728210	7.205539E-6
548.733370	8.583069E-6
548.738530	9.430779E-6
548.743691	1.070235E-5
548.748851	1.123216E-5
548.754011	1.218584E-5
548.759171	1.250373E-5
548.764331	1.282162E-5
548.769491	1.292759E-5
548.774651	1.282162E-5
548.779812	1.250373E-5
548.784972	1.186795E-5
548.790132	1.112620E-5
548.795292	1.027849E-5
548.800452	9.218852E-6
548.805612	7.841322E-6
548.810772	6.357829E-6
548.815932	4.450480E-6
548.821093	2.755059E-6
548.826253	7.417467E-7
548.831413	-1.377530E-6
548.836573	-3.920661E-6
548.841733	-6.357829E-6
548.846893	-9.218852E-6
548.852053	-1.207987E-5
548.857213	-1.494090E-5
548.862374	-1.790788E-5
548.867534	-2.076891E-5
548.872694	-2.426571E-5
548.877854	-2.670288E-5
548.883014	-3.009372E-5
548.888174	-3.295475E-5
548.893334	-3.581577E-5
548.898495	-3.867679E-5
548.903655	-4.111396E-5
548.908815	-4.344516E-5
548.913975	-4.567040E-5
548.919135	-4.778968E-5
548.924295	-4.969703E-5
548.929455	-5.139245E-5
548.934615	-5.287594E-5
548.939776	-5.372365E-5
548.944936	-5.435944E-5
548.950096	-5.520715E-5
548.955256	-5.552504E-5
548.960416	-5.552504E-5
548.965576	-5.499522E-5
548.970736	-5.435944E-5
548.975896	-5.361769E-5
548.981057	-5.213420E-5
548.986217	-5.065070E-5
548.991377	-4.874335E-5
548.996537	-4.662408E-5
549.001697	-4.429287E-5
549.006857	-4.132589E-5
549.012017	-3.835890E-5
549.017178	-3.486209E-5
549.022338	-3.157722E-5
549.027498	-2.818637E-5
549.032658	-2.405379E-5
549.037818	-2.013312E-5
549.042978	-1.621246E-5
549.048138	-1.197391E-5
549.053298	-7.735358E-6
549.058459	-3.602770E-6
549.063619	8.477105E-7
549.068779	4.874335E-6
549.073939	9.324816E-6
549.079099	1.335144E-5
549.084259	1.737807E-5
549.089419	2.129873E-5
549.094579	2.490150E-5
549.099740	2.839830E-5
549.104900	3.178914E-5
549.110060	3.496806E-5
549.115220	3.804101E-5
549.120380	4.079607E-5
549.125540	4.323324E-5
549.130700	4.545848E-5
549.135861	4.747179E-5
549.141021	4.927317E-5
549.146181	5.065070E-5
549.151341	5.160438E-5
549.156501	5.245209E-5
549.161661	5.287594E-5
549.166821	5.308787E-5
549.171981	5.287594E-5
549.177142	5.255805E-5
549.182302	5.192227E-5
549.187462	5.096859E-5
549.192622	4.959106E-5
549.197782	4.821353E-5
549.202942	4.641215E-5
549.208102	4.471673E-5
549.213262	4.238553E-5
549.218423	4.005432E-5
549.223583	3.729926E-5
549.228743	3.454420E-5
549.233903	3.157722E-5
549.239063	2.839830E-5
549.244223	2.521939E-5
549.249383	2.204047E-5
549.254544	1.843770E-5
549.259704	1.494090E-5
549.264864	1.133813E-5
549.270024	7.523431E-6
549.275184	3.920661E-6
549.280344	5.298191E-7
549.285504	-3.072951E-6
549.290664	-6.569756E-6
549.295825	-1.017253E-5
549.300985	-1.313951E-5
549.306145	-1.642439E-5
549.311305	-1.960331E-5
549.316465	-2.278222E-5
549.321625	-2.532535E-5
549.326785	-2.808041E-5
549.331946	-3.083547E-5
549.337106	-3.284878E-5
549.342266	-3.475613E-5
549.347426	-3.666348E-5
549.352586	-3.814697E-5
549.357746	-3.941854E-5
549.362906	-4.047818E-5
549.368066	-4.121992E-5
549.373227	-4.174974E-5
549.378387	-4.227956E-5
549.383547	-4.217360E-5
549.388707	-4.196167E-5
549.393867	-4.132589E-5
549.399027	-4.069010E-5
549.404187	-3.931257E-5
549.409347	-3.835890E-5
549.414508	-3.666348E-5
549.419668	-3.486209E-5
549.424828	-3.327264E-5
549.429988	-3.115336E-5
549.435148	-2.914005E-5
549.440308	-2.680884E-5
549.445468	-2.437168E-5
549.450629	-2.204047E-5
549.455789	-1.949734E-5
549.460949	-1.716614E-5
549.466109	-1.462301E-5
549.471269	-1.176198E-5
549.476429	-8.900960E-6
549.481589	-6.357829E-6
549.486749	-3.920661E-6
549.491910	-1.271566E-6
549.497070	1.483493E-6
549.502230	4.026625E-6
549.507390	6.357829E-6
549.512550	8.794996E-6
549.517710	1.080831E-5
549.522870	1.313951E-5
549.528030	1.536475E-5
549.533191	1.706017E-5
549.538351	1.896752E-5
549.543511	2.087487E-5
549.548671	2.204047E-5
549.553831	2.373589E-5
549.558991	2.447764E-5
549.564151	2.574921E-5
549.569312	2.638499E-5
549.574472	2.723270E-5
549.579632	2.776252E-5
549.584792	2.839830E-5
549.589952	2.850427E-5
549.595112	2.861023E-5
549.600272	2.861023E-5
549.605432	2.850427E-5
549.610593	2.818637E-5
549.615753	2.776252E-5
549.620913	2.744463E-5
549.626073	2.659692E-5
549.631233	2.606710E-5
549.636393	2.500746E-5
549.641553	2.437168E-5
549.646713	2.352397E-5
549.651874	2.278222E-5
549.657034	2.161662E-5
549.662194	2.045102E-5
549.667354	1.960331E-5
549.672514	1.843770E-5
549.677674	1.737807E-5
549.682834	1.631843E-5
549.687995	1.557668E-5
549.693155	1.441108E-5
549.698315	1.356337E-5
549.703475	1.229180E-5
549.708635	1.155006E-5
549.713795	1.080831E-5
549.718955	9.960598E-6
549.724115	9.112888E-6
549.729276	8.583069E-6
549.734436	7.841322E-6
549.739596	6.993612E-6
549.744756	6.251865E-6
549.749916	5.722046E-6
549.755076	5.404154E-6
549.760236	4.768372E-6
549.765396	3.920661E-6
549.770557	3.708733E-6
549.775717	3.602770E-6
549.780877	2.755059E-6
549.786037	2.119276E-6
549.791197	1.801385E-6
549.796357	1.801385E-6
549.801517	8.477105E-7
549.806678	1.059638E-7
549.811838	0.000000
549.816998	-6.357829E-7
549.822158	-1.165602E-6
549.827318	-2.331204E-6
549.832478	-2.861023E-6
549.837638	-3.390842E-6
549.842798	-4.450480E-6
549.847959	-4.768372E-6
549.853119	-5.828010E-6
549.858279	-6.675720E-6
549.863439	-7.523431E-6
549.868599	-9.112888E-6
549.873759	-9.748671E-6
549.878919	-1.091427E-5
549.884080	-1.176198E-5
549.889240	-1.282162E-5
549.894400	-1.398722E-5
549.899560	-1.504686E-5
549.904720	-1.610650E-5
549.909880	-1.716614E-5
549.915040	-1.811981E-5
549.920200	-1.907349E-5
549.925361	-2.013312E-5
549.930521	-2.119276E-5
549.935681	-2.204047E-5
549.940841	-2.299415E-5
549.946001	-2.362993E-5
549.951161	-2.437168E-5
549.956321	-2.500746E-5
549.961481	-2.532535E-5
549.966642	-2.596113E-5
549.971802	-2.638499E-5
549.976962	-2.670288E-5
549.982122	-2.691481E-5
549.987282	-2.702077E-5
549.992442	-2.723270E-5
549.997602	-2.691481E-5
550.002763	-2.670288E-5
550.007923	-2.659692E-5
550.013083	-2.638499E-5
550.018243	-2.585517E-5
550.023403	-2.511342E-5
550.028563	-2.458360E-5
550.033723	-2.405379E-5
550.038883	-2.299415E-5
550.044044	-2.204047E-5
550.049204	-2.108680E-5
550.054364	-1.992120E-5
550.059524	-1.875559E-5
550.064684	-1.769596E-5
550.069844	-1.653035E-5
550.075004	-1.515283E-5
550.080164	-1.366933E-5
550.085325	-1.197391E-5
550.090485	-1.091427E-5
550.095645	-9.430779E-6
550.100805	-7.841322E-6
550.105965	-6.569756E-6
550.111125	-4.874335E-6
550.116285	-3.602770E-6
550.121446	-2.543132E-6
550.126606	-6.357829E-7
550.131766	6.357829E-7
550.136926	2.013312E-6
550.142086	3.284878E-6
550.147246	4.450480E-6
550.152406	5.616082E-6
550.157566	6.993612E-6
550.162727	8.265177E-6
550.167887	9.324816E-6
550.173047	1.049042E-5
550.178207	1.123216E-5
550.183367	1.229180E-5
550.188527	1.324548E-5
550.193687	1.388126E-5
550.198847	1.483493E-5
550.204008	1.568264E-5
550.209168	1.600054E-5
550.214328	1.674228E-5
550.219488	1.727210E-5
550.224648	1.758999E-5
550.229808	1.801385E-5
550.234968	1.843770E-5
550.240129	1.864963E-5
550.245289	1.907349E-5
550.250449	1.907349E-5
550.255609	1.907349E-5
550.260769	1.917945E-5
550.265929	1.896752E-5
550.271089	1.886156E-5
550.276249	1.864963E-5
550.281410	1.833174E-5
550.286570	1.780192E-5
550.291730	1.737807E-5
550.296890	1.706017E-5
550.302050	1.653035E-5
550.307210	1.589457E-5
550.312370	1.525879E-5
550.317530	1.451704E-5
550.322691	1.377530E-5
550.327851	1.260969E-5
550.333011	1.176198E-5
550.338171	1.080831E-5
550.343331	9.854635E-6
550.348491	8.900960E-6
550.353651	7.629395E-6
550.358812	6.463793E-6
550.363972	5.404154E-6
550.369132	3.920661E-6
550.374292	2.649095E-6
550.379452	1.695421E-6
550.384612	2.119276E-7
550.389772	-9.536743E-7
550.394932	-2.649095E-6
550.400093	-3.814697E-6
550.405253	-5.086263E-6
550.410413	-6.357829E-6
550.415573	-7.523431E-6
550.420733	-9.006924E-6
550.425893	-1.006656E-5
550.431053	-1.133813E-5
550.436214	-1.239777E-5
550.441374	-1.335144E-5
550.446534	-1.398722E-5
550.451694	-1.504686E-5
550.456854	-1.589457E-5
550.462014	-1.642439E-5
550.467174	-1.706017E-5
550.472334	-1.748403E-5
550.477495	-1.780192E-5
550.482655	-1.801385E-5
550.487815	-1.822578E-5
550.492975	-1.822578E-5
550.498135	-1.822578E-5
550.503295	-1.811981E-5
550.508455	-1.811981E-5
550.513615	-1.811981E-5
550.518776	-1.758999E-5
550.523936	-1.716614E-5
550.529096	-1.653035E-5
550.534256	-1.600054E-5
550.539416	-1.547072E-5
550.544576	-1.462301E-5
550.549736	-1.388126E-5
550.554897	-1.313951E-5
550.560057	-1.229180E-5
550.565217	-1.155006E-5
550.570377	-1.049042E-5
550.575537	-9.430779E-6
550.580697	-8.583069E-6
550.585857	-7.417467E-6
550.591017	-6.463793E-6
550.596178	-5.510118E-6
550.601338	-4.556444E-6
550.606498	-4.026625E-6
550.611658	-3.072951E-6
550.616818	-2.437168E-6
550.621978	-1.271566E-6
550.627138	-4.238553E-7
550.632298	1.059638E-7
550.637459	5.298191E-7
550.642619	1.271566E-6
550.647779	1.907349E-6
550.652939	2.013312E-6
550.658099	2.013312E-6
550.663259	2.543132E-6
550.668419	2.543132E-6
550.673580	2.543132E-6
550.678740	2.966987E-6
550.683900	3.072951E-6
550.689060	2.861023E-6
550.694220	2.437168E-6
550.699380	2.331204E-6
550.704540	1.907349E-6
550.709700	1.801385E-6
550.714861	1.589457E-6
550.720021	4.238553E-7
550.725181	0.000000
550.730341	-4.238553E-7
550.735501	-1.377530E-6
550.740661	-2.543132E-6
550.745821	-3.178914E-6
550.750981	-3.920661E-6
550.756142	-4.662408E-6
550.761302	-5.404154E-6
550.766462	-6.251865E-6
550.771622	-7.099575E-6
550.776782	-8.053250E-6
550.781942	-8.900960E-6
550.787102	-9.642707E-6
550.792263	-1.027849E-5
550.797423	-1.102024E-5
550.802583	-1.144409E-5
550.807743	-1.207987E-5
550.812903	-1.239777E-5
550.818063	-1.282162E-5
550.823223	-1.335144E-5
550.828383	-1.345740E-5
550.833544	-1.356337E-5
550.838704	-1.356337E-5
550.843864	-1.356337E-5
550.849024	-1.324548E-5
550.854184	-1.313951E-5
550.859344	-1.271566E-5
550.864504	-1.229180E-5
550.869664	-1.186795E-5
550.874825	-1.102024E-5
550.879985	-1.017253E-5
550.885145	-9.324816E-6
550.890305	-8.265177E-6
550.895465	-7.099575E-6
550.900625	-5.828010E-6
550.905785	-4.556444E-6
550.910946	-3.390842E-6
550.916106	-2.119276E-6
550.921266	-3.178914E-7
550.926426	1.059638E-6
550.931586	2.331204E-6
550.936746	4.026625E-6
550.941906	5.404154E-6
550.947066	7.099575E-6
550.952227	8.477105E-6
550.957387	1.027849E-5
550.962547	1.186795E-5
550.967707	1.377530E-5
550.972867	1.557668E-5
550.978027	1.727210E-5
550.983187	1.854367E-5
550.988348	2.045102E-5
550.993508	2.204047E-5
550.998668	2.352397E-5
551.003828	2.468957E-5
551.008988	2.606710E-5
551.014148	2.723270E-5
551.019308	2.839830E-5
551.024468	2.924601E-5
551.029629	2.998776E-5
551.034789	3.062354E-5
551.039949	3.083547E-5
551.045109	3.115336E-5
551.050269	3.115336E-5
551.055429	3.094143E-5
551.060589	3.083547E-5
551.065749	3.030565E-5
551.070910	2.988180E-5
551.076070	2.914005E-5
551.081230	2.808041E-5
551.086390	2.702077E-5
551.091550	2.585517E-5
551.096710	2.447764E-5
551.101870	2.299415E-5
551.107031	2.129873E-5
551.112191	1.981523E-5
551.117351	1.769596E-5
551.122511	1.589457E-5
551.127671	1.377530E-5
551.132831	1.123216E-5
551.137991	9.218852E-6
551.143151	6.569756E-6
551.148312	4.238553E-6
551.153472	1.589457E-6
551.158632	-8.477105E-7
551.163792	-3.496806E-6
551.168952	-5.933974E-6
551.174112	-8.477105E-6
551.179272	-1.112620E-5
551.184432	-1.335144E-5
551.189593	-1.578861E-5
551.194753	-1.790788E-5
551.199913	-2.023909E-5
551.205073	-2.257029E-5
551.210233	-2.468957E-5
551.215393	-2.680884E-5
551.220553	-2.882216E-5
551.225714	-3.041161E-5
551.230874	-3.200107E-5
551.236034	-3.369649E-5
551.241194	-3.454420E-5
551.246354	-3.592173E-5
551.251514	-3.645155E-5
551.256674	-3.729926E-5
551.261834	-3.782908E-5
551.266995	-3.804101E-5
551.272155	-3.804101E-5
551.277315	-3.804101E-5
551.282475	-3.782908E-5
551.287635	-3.698137E-5
551.292795	-3.634559E-5
551.297955	-3.528595E-5
551.303115	-3.422631E-5
551.308276	-3.306071E-5
551.313436	-3.178914E-5
551.318596	-3.009372E-5
551.323756	-2.850427E-5
551.328916	-2.670288E-5
551.334076	-2.490150E-5
551.339236	-2.288818E-5
551.344397	-2.076891E-5
551.349557	-1.843770E-5
551.354717	-1.642439E-5
551.359877	-1.430511E-5
551.365037	-1.176198E-5
551.370197	-9.536743E-6
551.375357	-6.993612E-6
551.380517	-4.768372E-6
551.385678	-2.755059E-6
551.390838	-3.178914E-7
551.395998	1.695421E-6
551.401158	3.602770E-6
551.406318	5.616082E-6
551.411478	7.841322E-6
551.416638	9.536743E-6
551.421798	1.102024E-5
551.426959	1.260969E-5
551.432119	1.430511E-5
551.437279	1.547072E-5
551.442439	1.642439E-5
551.447599	1.706017E-5
551.452759	1.780192E-5
551.457919	1.854367E-5
551.463080	1.864963E-5
551.468240	1.886156E-5
551.473400	1.896752E-5
551.478560	1.875559E-5
551.483720	1.843770E-5
551.488880	1.822578E-5
551.494040	1.769596E-5
551.499200	1.706017E-5
551.504361	1.642439E-5
551.509521	1.547072E-5
551.514681	1.451704E-5
551.519841	1.335144E-5
551.525001	1.207987E-5
551.530161	1.112620E-5
551.535321	9.748671E-6
551.540482	8.583069E-6
551.545642	7.099575E-6
551.550802	5.722046E-6
551.555962	4.556444E-6
551.561122	3.496806E-6
551.566282	2.225240E-6
551.571442	1.165602E-6
551.576602	2.119276E-7
551.581763	-7.417467E-7
551.586923	-1.801385E-6
551.592083	-2.755059E-6
551.597243	-3.178914E-6
551.602403	-3.920661E-6
551.607563	-4.556444E-6
551.612723	-4.662408E-6
551.617883	-4.768372E-6
551.623044	-5.192227E-6
551.628204	-5.192227E-6
551.633364	-5.192227E-6
551.638524	-4.980299E-6
551.643684	-4.980299E-6
551.648844	-4.662408E-6
551.654004	-4.132589E-6
551.659165	-3.708733E-6
551.664325	-2.861023E-6
551.669485	-2.543132E-6
551.674645	-1.377530E-6
551.679805	-3.178914E-7
551.684965	1.059638E-7
551.690125	1.377530E-6
551.695285	1.907349E-6
551.700446	2.755059E-6
551.705606	3.602770E-6
551.710766	4.026625E-6
551.715926	5.192227E-6
551.721086	5.933974E-6
551.726246	6.569756E-6
551.731406	7.629395E-6
551.736566	8.265177E-6
551.741727	8.477105E-6
551.746887	9.324816E-6
551.752047	9.748671E-6
551.757207	9.960598E-6
551.762367	9.960598E-6
551.767527	1.006656E-5
551.772687	9.960598E-6
551.777848	9.854635E-6
551.783008	9.642707E-6
551.788168	9.218852E-6
551.793328	8.689033E-6
551.798488	8.477105E-6
551.803648	7.523431E-6
551.808808	6.569756E-6
551.813968	5.722046E-6
551.819129	4.980299E-6
551.824289	3.708733E-6
551.829449	2.649095E-6
551.834609	1.695421E-6
551.839769	1.059638E-7
551.844929	-9.536743E-7
551.850089	-2.649095E-6
551.855249	-3.708733E-6
551.860410	-5.086263E-6
551.865570	-6.675720E-6
551.870730	-8.159214E-6
551.875890	-9.748671E-6
551.881050	-1.133813E-5
551.886210	-1.260969E-5
551.891370	-1.441108E-5
551.896531	-1.557668E-5
551.901691	-1.706017E-5
551.906851	-1.822578E-5
551.912011	-1.907349E-5
551.917171	-2.034505E-5
551.922331	-2.119276E-5
551.927491	-2.214644E-5
551.932651	-2.288818E-5
551.937812	-2.341800E-5
551.942972	-2.362993E-5
551.948132	-2.394782E-5
551.953292	-2.426571E-5
551.958452	-2.426571E-5
551.963612	-2.405379E-5
551.968772	-2.362993E-5
551.973932	-2.320608E-5
551.979093	-2.288818E-5
551.984253	-2.193451E-5
551.989413	-2.087487E-5
551.994573	-1.960331E-5
