545.500183	-2.514249E-7
545.550218	-2.340852E-7
545.600254	-1.603918E-7
545.650289	-2.340853E-7
545.700324	-3.034441E-7
545.750359	-1.994061E-7
545.800394	-2.644295E-7
545.850429	-3.207833E-7
545.900464	-3.944772E-7
545.950499	-2.080758E-7
546.000534	-2.340853E-7
546.050569	-1.473871E-7
546.100604	-2.340850E-7
546.150639	-2.861042E-7
546.200674	-1.690616E-7
546.250709	-1.300474E-7
546.300744	-1.603918E-7
546.350779	-1.690615E-7
546.400814	-2.297502E-7
546.450849	-8.236325E-8
546.500884	-5.635356E-8
546.550919	3.467931E-8
546.600954	1.387171E-7
546.650989	2.557599E-7
546.701024	4.985149E-7
546.751059	5.245246E-7
546.801094	7.239305E-7
546.851129	9.363413E-7
546.901164	1.135747E-6
546.951199	9.363408E-7
547.001234	4.811754E-7
547.051269	-1.170426E-7
547.101304	-1.036044E-6
547.151339	-2.470898E-6
547.201374	-4.001120E-6
547.251409	-5.188883E-6
547.301444	-5.409964E-6
547.351479	-5.730747E-6
547.401514	-4.005455E-6
547.451549	-1.851006E-6
547.501584	1.465200E-6
547.551619	3.953437E-6
547.601654	5.470654E-6
547.651690	5.652718E-6
547.701725	4.196193E-6
547.751760	1.677610E-6
547.801795	1.820663E-7
547.851830	-1.062053E-6
547.901865	-1.434855E-6
547.951900	-1.096732E-6
548.001935	-5.201892E-7
548.051970	8.669982E-9
548.102005	-1.994060E-7
548.152040	-5.852127E-7
548.202075	-1.205105E-6
548.252110	-1.534558E-6
548.302145	-1.408846E-6
548.352180	-9.753550E-7
548.402215	-3.077789E-7
548.452250	2.470901E-7
548.502285	3.511281E-7
548.552320	1.647266E-7
548.602355	-1.257125E-7
548.652390	-6.892501E-7
548.702425	-8.019580E-7
548.752460	-7.369340E-7
548.802495	-4.464958E-7
548.852530	-1.907361E-7
548.902565	1.300482E-8
548.952600	-1.907362E-7
549.002635	-2.384201E-7
549.052670	-4.378257E-7
549.102705	-5.245243E-7
549.152740	-5.418633E-7
549.202775	-4.334964E-9
549.252810	-1.300475E-8
549.302845	-4.334964E-9
549.352880	-4.335000E-9
549.402915	-1.733969E-8
549.452950	-2.384201E-7
549.502985	-3.381231E-7
549.553020	-4.855099E-7
549.603055	-2.600946E-7
549.653090	-3.337882E-7
549.703126	-2.080757E-7
549.753161	-1.560569E-7
549.803196	-1.603918E-7
549.853231	-1.647267E-7
549.903266	-1.127078E-7
549.953301	-4.074815E-7
550.003336	-4.074816E-7
550.053371	-5.245242E-7
550.103406	-4.421607E-7
550.153441	-3.077787E-7
550.203476	-1.300475E-8
550.253511	-3.467935E-8
550.303546	1.818182E-14
550.353581	-9.536809E-8
550.403616	-3.251184E-7
550.453651	-5.592032E-7
550.503686	-6.502364E-7
550.553721	-4.248213E-7
550.603756	-2.514249E-7
550.653791	-1.083728E-7
550.703826	4.334982E-9
550.753861	-1.083728E-7
550.803896	-2.991088E-7
550.853931	-4.031465E-7
550.903966	-5.245240E-7
550.954001	-5.288590E-7
551.004036	-4.985144E-7
551.054071	-2.861042E-7
551.104106	-1.603916E-7
551.154141	-7.802842E-8
551.204176	-1.560569E-7
551.254211	-2.774342E-7
551.304246	-4.421611E-7
551.354281	-5.071844E-7
551.404316	-4.204864E-7
551.454351	-3.034439E-7
551.504386	-2.427550E-7
551.554421	-2.080759E-7
551.604456	-7.802842E-8
551.654491	-1.690617E-7
551.704527	-2.644295E-7
551.754562	-3.077786E-7
551.804597	-3.684673E-7
551.854632	-3.424580E-7
551.904667	-3.771372E-7
551.954702	-3.337880E-7
552.004737	-1.647265E-7
552.054772	-1.343823E-7
552.104807	-2.644297E-7
552.154842	-2.340853E-7
552.204877	-2.124106E-7
552.254912	-3.944766E-7
552.304947	-2.644294E-7
552.354982	-2.687646E-7
552.405017	-1.950708E-7
552.455052	-3.424582E-7
552.505087	-9.970300E-8
552.555122	-6.935862E-8
552.605157	-1.690616E-7
552.655192	-1.907361E-7
552.705227	-2.904389E-7
552.755262	-3.164488E-7
552.805297	-3.207835E-7
552.855332	-4.378257E-7
552.905367	-1.994060E-7
552.955402	-1.777315E-7
553.005437	-8.236336E-8
553.055472	-3.207835E-7
553.105507	-2.254153E-7
553.155542	-3.858070E-7
553.205577	-3.077785E-7
553.255612	-4.118163E-7
553.305647	-3.511279E-7
553.355682	-4.595005E-7
553.405717	-3.251182E-7
553.455752	-1.733965E-7
553.505787	-1.733967E-8
553.555822	-2.124106E-7
553.605857	-2.340851E-7
553.655892	-2.904389E-7
553.705927	-3.077787E-7
553.755963	-2.514249E-7
553.805998	-1.864013E-7
553.856033	-1.127077E-7
553.906068	-1.170425E-7
553.956103	-1.560569E-7
554.006138	-2.297502E-7
554.056173	-3.554627E-7
554.106208	-2.167455E-7
554.156243	-5.115190E-7
554.206278	-4.551657E-7
554.256313	-2.427551E-7
554.306348	-2.904391E-7
554.356383	-2.210806E-7
554.406418	-2.037408E-7
554.456453	-1.733965E-7
554.506488	-1.733965E-7
554.556523	-2.947741E-7
554.606558	-2.254154E-7
554.656593	-2.644295E-7
554.706628	-3.597975E-7
554.756663	-3.034439E-7
554.806698	-1.864011E-7
554.856733	-3.121136E-7
554.906768	-2.774342E-7
554.956803	-2.730997E-7
555.006838	-3.164487E-7
555.056873	-1.994061E-7
555.106908	-2.124107E-7
555.156943	-3.294532E-7
555.206978	-1.820663E-7
555.257013	-6.935871E-8
555.307048	-1.690616E-7
555.357083	-1.907361E-7
555.407118	-2.384203E-7
555.457153	-2.470900E-7
555.507188	-2.904391E-7
555.557223	-2.817691E-7
555.607258	-3.294534E-7
555.657293	-2.861043E-7
555.707328	-3.121135E-7
555.757363	-1.820663E-7
555.807399	-1.603917E-7
555.857434	-3.771368E-7
555.907469	-1.907363E-7
555.957504	-2.427550E-7
556.007539	-2.427551E-7
