545.500183	-3.814722E-7
545.550218	-2.167455E-7
545.600254	-3.164484E-7
545.650289	-1.257125E-7
545.700324	-4.204861E-7
545.750359	-2.124106E-7
545.800394	-2.600948E-7
545.850429	-1.864009E-7
545.900464	-3.554627E-7
545.950499	-9.103320E-8
546.000534	-1.517219E-7
546.050569	-3.337882E-7
546.100604	-1.733965E-7
546.150639	-3.511276E-7
546.200674	-2.904389E-7
546.250709	-2.557599E-7
546.300744	-2.600947E-8
546.350779	-1.950711E-7
546.400814	-3.381229E-7
546.450849	1.733967E-8
546.500884	3.901416E-8
546.550919	1.213777E-7
546.600954	3.164487E-7
546.650989	1.690618E-7
546.701024	3.771376E-7
546.751059	7.889541E-7
546.801094	8.409733E-7
546.851129	1.027374E-6
546.901164	9.450105E-7
546.951199	9.840249E-7
547.001234	5.245244E-7
547.051269	-1.907363E-7
547.101304	-1.274463E-6
547.151339	-2.462227E-6
547.201374	-3.871071E-6
547.251409	-4.902781E-6
547.301444	-6.034190E-6
547.351479	-4.464955E-6
547.401514	-4.022794E-6
547.451549	-1.634261E-6
547.501584	1.140081E-6
547.551619	3.754030E-6
547.601654	5.392627E-6
547.651690	5.375284E-6
547.701725	3.576300E-6
547.751760	1.729629E-6
547.801795	-9.536805E-8
547.851830	-1.317813E-6
547.901865	-1.326483E-6
547.951900	-9.753548E-7
548.001935	-2.340852E-7
548.051970	1.040380E-7
548.102005	-1.127077E-7
548.152040	-7.499393E-7
548.202075	-1.183430E-6
548.252110	-1.564902E-6
548.302145	-1.556232E-6
548.352180	-9.883595E-7
548.402215	-2.080758E-7
548.452250	2.600948E-7
548.502285	3.251187E-7
548.552320	1.560569E-7
548.602355	-9.103305E-8
548.652390	-6.719109E-7
548.702425	-7.586088E-7
548.752460	-7.152598E-7
548.802495	-5.635387E-7
548.852530	-3.684674E-7
548.902565	-8.236335E-8
548.952600	-1.343823E-7
549.002635	-9.103304E-8
549.052670	-3.901421E-7
549.102705	-5.331936E-7
549.152740	-4.118167E-7
549.202775	-3.034433E-8
549.252810	3.034442E-8
549.302845	1.170426E-7
549.352880	3.467945E-8
549.402915	-1.083729E-7
549.452950	-3.294531E-7
549.502985	-4.941792E-7
549.553020	-6.068872E-7
549.603055	-4.595005E-7
549.653090	-3.858073E-7
549.703126	-2.427549E-7
549.753161	-2.037407E-7
549.803196	-1.473870E-7
549.853231	-2.600951E-8
549.903266	-3.337883E-7
549.953301	-3.771371E-7
550.003336	-5.722080E-7
550.053371	-5.375285E-7
550.103406	-4.811751E-7
550.153441	-2.427552E-7
550.203476	-7.369338E-8
550.253511	-8.669811E-8
550.303546	-4.334945E-9
550.353581	-3.901420E-8
550.403616	-5.201895E-7
550.453651	-5.592033E-7
550.503686	-5.765427E-7
550.553721	-3.597976E-7
550.603756	-3.337882E-7
550.653791	-1.560568E-7
550.703826	4.334909E-8
550.753861	1.040379E-7
550.803896	-4.031467E-7
550.853931	-2.384200E-7
550.903966	-4.118169E-7
550.954001	-4.464954E-7
551.004036	-4.985149E-7
551.054071	-3.251184E-7
551.104106	-1.560568E-7
551.154141	-3.467936E-8
551.204176	-2.557597E-7
551.254211	-1.170426E-7
551.304246	-3.944769E-7
551.354281	-5.375289E-7
551.404316	-4.725053E-7
551.454351	-2.644297E-7
551.504386	-1.560567E-7
551.554421	-1.300473E-7
551.604456	-1.733955E-8
551.654491	-1.083728E-7
551.704527	-2.124105E-7
551.754562	-4.204864E-7
551.804597	-2.644293E-7
551.854632	-2.687645E-7
551.904667	-2.817690E-7
551.954702	-2.687646E-7
552.004737	-2.254153E-7
552.054772	-1.430521E-7
552.104807	-1.560569E-7
552.154842	-1.083728E-7
552.204877	-2.254153E-7
552.254912	-2.427547E-7
552.304947	-4.508307E-7
552.354982	-3.337880E-7
552.405017	-3.381230E-7
552.455052	-3.641324E-7
552.505087	-2.080758E-7
552.555122	-2.644295E-7
552.605157	-2.600947E-7
552.655192	-2.817692E-7
552.705227	-1.560568E-7
552.755262	-3.988118E-7
552.805297	-4.074815E-7
552.855332	-2.991089E-7
552.905367	-3.077790E-7
552.955402	-9.970304E-8
553.005437	-1.387173E-7
553.055472	-2.947739E-7
553.105507	-2.817691E-7
553.155542	-3.121135E-7
553.205577	-3.034438E-7
553.255612	-5.461984E-7
553.305647	-3.381228E-7
553.355682	-3.337882E-7
553.405717	-2.167457E-7
553.455752	-2.124107E-7
553.505787	-1.343823E-7
553.555822	-1.647266E-7
553.605857	-3.034439E-7
553.655892	-2.384202E-7
553.705927	-2.427551E-7
553.755963	-3.467930E-7
553.805998	-2.817694E-7
553.856033	-1.213775E-7
553.906068	-9.970291E-8
553.956103	-2.687645E-7
554.006138	-1.257124E-7
554.056173	-1.994060E-7
554.106208	-2.687643E-7
554.156243	-3.164487E-7
554.206278	-2.080757E-7
554.256313	-3.901419E-7
554.306348	-3.164485E-7
554.356383	-2.080757E-7
554.406418	-2.254155E-7
554.456453	-1.430521E-7
554.506488	-1.777313E-7
554.556523	-1.907360E-7
554.606558	-3.944768E-7
554.656593	-3.597975E-7
554.706628	-4.595006E-7
554.756663	-3.121137E-7
554.806698	-2.210803E-7
554.856733	-7.369349E-8
554.906768	-6.502382E-8
554.956803	-2.817693E-7
555.006838	-2.254154E-7
555.056873	-9.970304E-8
555.106908	-1.950711E-7
555.156943	-3.164485E-7
555.206978	-2.687644E-7
555.257013	-2.037408E-7
555.307048	-3.251187E-7
555.357083	-2.470899E-7
555.407118	-2.557595E-7
555.457153	-3.251184E-7
555.507188	-2.774345E-7
555.557223	-1.950711E-7
555.607258	-3.814720E-7
555.657293	-1.387172E-7
555.707328	-2.210805E-7
555.757363	-2.427548E-7
555.807399	-1.864012E-7
555.857434	-1.603918E-7
555.907469	-2.817692E-7
555.957504	-1.777313E-7
556.007539	-3.381229E-7
