545.500183	9.536743E-6
545.505343	9.616216E-6
545.510502	9.695689E-6
545.515661	9.695689E-6
545.520820	9.616216E-6
545.525980	9.457270E-6
545.531139	9.377797E-6
545.536298	9.298325E-6
545.541457	9.139379E-6
545.546616	9.139379E-6
545.551776	9.059906E-6
545.556935	8.980433E-6
545.562094	8.821487E-6
545.567253	8.662542E-6
545.572413	8.583069E-6
545.577572	8.503596E-6
545.582731	8.424123E-6
545.587890	8.265177E-6
545.593049	8.185705E-6
545.598209	8.185705E-6
545.603368	8.026759E-6
545.608527	8.026759E-6
545.613686	8.026759E-6
545.618846	8.106232E-6
545.624005	8.026759E-6
545.629164	8.106232E-6
545.634323	8.106232E-6
545.639482	8.106232E-6
545.644642	8.185705E-6
545.649801	8.265177E-6
545.654960	8.265177E-6
545.660119	8.344650E-6
545.665279	8.424123E-6
545.670438	8.424123E-6
545.675597	8.424123E-6
545.680756	8.503596E-6
545.685915	8.503596E-6
545.691075	8.742015E-6
545.696234	8.742015E-6
545.701393	8.900960E-6
545.706552	8.980433E-6
545.711712	9.139379E-6
545.716871	9.298325E-6
545.722030	9.377797E-6
545.727189	9.377797E-6
545.732348	9.377797E-6
545.737508	9.457270E-6
545.742667	9.536743E-6
545.747826	9.616216E-6
545.752985	9.695689E-6
545.758145	9.775162E-6
545.763304	9.775162E-6
545.768463	9.934107E-6
545.773622	9.934107E-6
545.778781	1.001358E-5
545.783941	1.001358E-5
545.789100	1.009305E-5
545.794259	1.017253E-5
545.799418	1.017253E-5
545.804578	1.025200E-5
545.809737	1.025200E-5
545.814896	1.025200E-5
545.820055	1.025200E-5
545.825214	1.025200E-5
545.830374	1.025200E-5
545.835533	1.025200E-5
545.840692	1.025200E-5
545.845851	1.017253E-5
545.851011	1.017253E-5
545.856170	1.009305E-5
545.861329	9.934107E-6
545.866488	9.854635E-6
545.871647	9.616216E-6
545.876807	9.457270E-6
545.881966	9.218852E-6
545.887125	9.139379E-6
545.892284	8.900960E-6
545.897444	8.662542E-6
545.902603	8.503596E-6
545.907762	8.424123E-6
545.912921	8.106232E-6
545.918080	8.026759E-6
545.923240	7.708867E-6
545.928399	7.549922E-6
545.933558	7.390976E-6
545.938717	7.073085E-6
545.943877	6.834666E-6
545.949036	6.675720E-6
545.954195	6.437302E-6
545.959354	6.198883E-6
545.964513	6.039937E-6
545.969673	5.801519E-6
545.974832	5.722046E-6
545.979991	5.404154E-6
545.985150	5.245209E-6
545.990310	4.927317E-6
545.995469	4.688899E-6
546.000628	4.529953E-6
546.005787	4.132589E-6
546.010946	4.132589E-6
546.016106	3.973643E-6
546.021265	3.735224E-6
546.026424	3.735224E-6
546.031583	3.655752E-6
546.036743	3.417333E-6
546.041902	3.337860E-6
546.047061	3.258387E-6
546.052220	3.099442E-6
546.057379	3.019969E-6
546.062539	2.940496E-6
546.067698	2.861023E-6
546.072857	2.781550E-6
546.078016	2.781550E-6
546.083176	2.781550E-6
546.088335	2.781550E-6
546.093494	2.781550E-6
546.098653	2.781550E-6
546.103812	2.861023E-6
546.108972	2.861023E-6
546.114131	2.861023E-6
546.119290	3.099442E-6
546.124449	3.099442E-6
546.129608	3.178914E-6
546.134768	3.417333E-6
546.139927	3.496806E-6
546.145086	3.655752E-6
546.150245	3.894170E-6
546.155405	4.053116E-6
546.160564	4.132589E-6
546.165723	4.132589E-6
546.170882	4.212062E-6
546.176041	4.212062E-6
546.181201	4.212062E-6
546.186360	4.212062E-6
546.191519	4.291534E-6
546.196678	4.371007E-6
546.201838	4.371007E-6
546.206997	4.371007E-6
546.212156	4.450480E-6
546.217315	4.450480E-6
546.222474	4.371007E-6
546.227634	4.371007E-6
546.232793	4.212062E-6
546.237952	4.132589E-6
546.243111	4.132589E-6
546.248271	3.973643E-6
546.253430	3.814697E-6
546.258589	3.576279E-6
546.263748	3.258387E-6
546.268907	2.861023E-6
546.274067	2.622604E-6
546.279226	2.145767E-6
546.284385	1.827876E-6
546.289544	1.271566E-6
546.294704	7.152557E-7
546.299863	1.589457E-7
546.305022	-5.563100E-7
546.310181	-1.192093E-6
546.315340	-1.986821E-6
546.320500	-2.702077E-6
546.325659	-3.576279E-6
546.330818	-4.450480E-6
546.335977	-5.404154E-6
546.341137	-6.516774E-6
546.346296	-7.549922E-6
546.351455	-8.742015E-6
546.356614	-1.009305E-5
546.361773	-1.136462E-5
546.366933	-1.263618E-5
546.372092	-1.406670E-5
546.377251	-1.557668E-5
546.382410	-1.724561E-5
546.387570	-1.891454E-5
546.392729	-2.074242E-5
546.397888	-2.264977E-5
546.403047	-2.455711E-5
546.408206	-2.654394E-5
546.413366	-2.868970E-5
546.418525	-3.099442E-5
546.423684	-3.345807E-5
546.428843	-3.592173E-5
546.434003	-3.862381E-5
546.439162	-4.124641E-5
546.444321	-4.410744E-5
546.449480	-4.696846E-5
546.454639	-4.982948E-5
546.459799	-5.284945E-5
546.464958	-5.586942E-5
546.470117	-5.912781E-5
546.475276	-6.246567E-5
546.480436	-6.588300E-5
546.485595	-6.930033E-5
546.490754	-7.303556E-5
546.495913	-7.685026E-5
546.501072	-8.074443E-5
546.506232	-8.471807E-5
546.511391	-8.885066E-5
546.516550	-9.314219E-5
546.521709	-9.759267E-5
546.526869	-0.000102
546.532028	-0.000106
546.537187	-0.000111
546.542346	-0.000116
546.547505	-0.000121
546.552665	-0.000126
546.557824	-0.000131
546.562983	-0.000136
546.568142	-0.000141
546.573302	-0.000146
546.578461	-0.000151
546.583620	-0.000156
546.588779	-0.000162
546.593938	-0.000168
546.599098	-0.000174
546.604257	-0.000180
546.609416	-0.000186
546.614575	-0.000193
546.619735	-0.000199
546.624894	-0.000206
546.630053	-0.000213
546.635212	-0.000220
546.640371	-0.000227
546.645531	-0.000234
546.650690	-0.000241
546.655849	-0.000249
546.661008	-0.000257
546.666168	-0.000264
546.671327	-0.000273
546.676486	-0.000281
546.681645	-0.000289
546.686804	-0.000297
546.691964	-0.000305
546.697123	-0.000314
546.702282	-0.000322
546.707441	-0.000331
546.712601	-0.000340
546.717760	-0.000348
546.722919	-0.000357
546.728078	-0.000366
546.733237	-0.000375
546.738397	-0.000385
546.743556	-0.000394
546.748715	-0.000403
546.753874	-0.000413
546.759034	-0.000423
546.764193	-0.000432
546.769352	-0.000442
546.774511	-0.000452
546.779670	-0.000462
546.784830	-0.000472
546.789989	-0.000483
546.795148	-0.000493
546.800307	-0.000503
546.805467	-0.000514
546.810626	-0.000525
546.815785	-0.000535
546.820944	-0.000545
546.826103	-0.000556
546.831263	-0.000565
546.836422	-0.000575
546.841581	-0.000584
546.846740	-0.000593
546.851900	-0.000601
546.857059	-0.000609
546.862218	-0.000617
546.867377	-0.000623
546.872536	-0.000630
546.877696	-0.000635
546.882855	-0.000640
546.888014	-0.000644
546.893173	-0.000648
546.898333	-0.000651
546.903492	-0.000654
546.908651	-0.000655
546.913810	-0.000655
546.918969	-0.000655
546.924129	-0.000654
546.929288	-0.000652
546.934447	-0.000649
546.939606	-0.000644
546.944766	-0.000639
546.949925	-0.000633
546.955084	-0.000625
546.960243	-0.000616
546.965402	-0.000606
546.970562	-0.000594
546.975721	-0.000581
546.980880	-0.000566
546.986039	-0.000551
546.991199	-0.000533
546.996358	-0.000514
547.001517	-0.000493
547.006676	-0.000470
547.011835	-0.000445
547.016995	-0.000417
547.022154	-0.000388
547.027313	-0.000357
547.032472	-0.000324
547.037632	-0.000288
547.042791	-0.000251
547.047950	-0.000211
547.053109	-0.000170
547.058268	-0.000126
547.063428	-7.931391E-5
547.068587	-3.059705E-5
547.073746	2.058347E-5
547.078905	7.406871E-5
547.084064	0.000130
547.089224	0.000188
547.094383	0.000249
547.099542	0.000312
547.104701	0.000377
547.109861	0.000444
547.115020	0.000513
547.120179	0.000584
547.125338	0.000656
547.130497	0.000731
547.135657	0.000806
547.140816	0.000883
547.145975	0.000960
547.151134	0.001039
547.156294	0.001119
547.161453	0.001200
547.166612	0.001282
547.171771	0.001364
547.176930	0.001445
547.182090	0.001527
547.187249	0.001608
547.192408	0.001688
547.197567	0.001766
547.202727	0.001843
547.207886	0.001918
547.213045	0.001991
547.218204	0.002062
547.223363	0.002131
547.228523	0.002197
547.233682	0.002260
547.238841	0.002321
547.244000	0.002378
547.249160	0.002431
547.254319	0.002479
547.259478	0.002524
547.264637	0.002563
547.269796	0.002598
547.274956	0.002627
547.280115	0.002651
547.285274	0.002669
547.290433	0.002682
547.295593	0.002688
547.300752	0.002689
547.305911	0.002683
547.311070	0.002669
547.316229	0.002650
547.321389	0.002623
547.326548	0.002589
547.331707	0.002549
547.336866	0.002501
547.342026	0.002447
547.347185	0.002385
547.352344	0.002317
547.357503	0.002242
547.362662	0.002159
547.367822	0.002070
547.372981	0.001974
547.378140	0.001872
547.383299	0.001764
547.388459	0.001649
547.393618	0.001530
547.398777	0.001405
547.403936	0.001275
547.409095	0.001141
547.414255	0.001002
547.419414	0.000859
547.424573	0.000714
547.429732	0.000565
547.434892	0.000415
547.440051	0.000264
547.445210	0.000112
547.450369	-4.013379E-5
547.455528	-0.000192
547.460688	-0.000342
547.465847	-0.000492
547.471006	-0.000639
547.476165	-0.000785
547.481325	-0.000928
547.486484	-0.001069
547.491643	-0.001208
547.496802	-0.001344
547.501961	-0.001476
547.507121	-0.001603
547.512280	-0.001730
547.517439	-0.001846
547.522598	-0.001956
547.527758	-0.002059
547.532917	-0.002154
547.538076	-0.002241
547.543235	-0.002319
547.548394	-0.002388
547.553554	-0.002447
547.558713	-0.002496
547.563872	-0.002536
547.569031	-0.002566
547.574191	-0.002586
547.579350	-0.002596
547.584509	-0.002596
547.589668	-0.002588
547.594827	-0.002571
547.599987	-0.002544
547.605146	-0.002510
547.610305	-0.002468
547.615464	-0.002419
547.620624	-0.002362
547.625783	-0.002299
547.630942	-0.002229
547.636101	-0.002154
547.641260	-0.002074
547.646420	-0.001989
547.651579	-0.001900
547.656738	-0.001807
547.661897	-0.001710
547.667057	-0.001611
547.672216	-0.001508
547.677375	-0.001404
547.682534	-0.001298
547.687693	-0.001191
547.692853	-0.001084
547.698012	-0.000977
547.703171	-0.000871
547.708330	-0.000767
547.713490	-0.000665
547.718649	-0.000564
547.723808	-0.000467
547.728967	-0.000373
547.734126	-0.000282
547.739286	-0.000195
547.744445	-0.000111
547.749604	-3.202756E-5
547.754763	4.283587E-5
547.759923	0.000113
547.765082	0.000179
547.770241	0.000240
547.775400	0.000295
547.780559	0.000346
547.785719	0.000391
547.790878	0.000431
547.796037	0.000465
547.801196	0.000494
547.806356	0.000516
547.811515	0.000534
547.816674	0.000546
547.821833	0.000553
547.826992	0.000554
547.832152	0.000551
547.837311	0.000544
547.842470	0.000532
547.847629	0.000516
547.852789	0.000496
547.857948	0.000472
547.863107	0.000446
547.868266	0.000416
547.873425	0.000384
547.878585	0.000349
547.883744	0.000311
547.888903	0.000271
547.894062	0.000230
547.899222	0.000187
547.904381	0.000143
547.909540	9.814898E-5
547.914699	5.292892E-5
547.919858	7.708867E-6
547.925018	-3.735224E-5
547.930177	-8.177757E-5
547.935336	-0.000125
547.940495	-0.000169
547.945655	-0.000210
547.950814	-0.000248
547.955973	-0.000284
547.961132	-0.000318
547.966291	-0.000348
547.971451	-0.000376
547.976610	-0.000401
547.981769	-0.000423
547.986928	-0.000441
547.992087	-0.000457
547.997247	-0.000469
548.002406	-0.000478
548.007565	-0.000484
548.012724	-0.000487
548.017884	-0.000487
548.023043	-0.000483
548.028202	-0.000476
548.033361	-0.000465
548.038520	-0.000451
548.043680	-0.000434
548.048839	-0.000415
548.053998	-0.000392
548.059157	-0.000367
548.064317	-0.000339
548.069476	-0.000308
548.074635	-0.000275
548.079794	-0.000239
548.084953	-0.000200
548.090113	-0.000160
548.095272	-0.000119
548.100431	-7.589658E-5
548.105590	-3.163020E-5
548.110750	1.382828E-5
548.115909	6.031990E-5
548.121068	0.000107
548.126227	0.000155
548.131386	0.000202
548.136546	0.000249
548.141705	0.000295
548.146864	0.000340
548.152023	0.000384
548.157183	0.000426
548.162342	0.000466
548.167501	0.000505
548.172660	0.000542
548.177819	0.000576
548.182979	0.000607
548.188138	0.000636
548.193297	0.000661
548.198456	0.000684
548.203616	0.000703
548.208775	0.000720
548.213934	0.000733
548.219093	0.000743
548.224252	0.000750
548.229412	0.000753
548.234571	0.000753
548.239730	0.000750
548.244889	0.000743
548.250049	0.000734
548.255208	0.000722
548.260367	0.000706
548.265526	0.000688
548.270685	0.000667
548.275845	0.000643
548.281004	0.000616
548.286163	0.000587
548.291322	0.000556
548.296482	0.000523
548.301641	0.000489
548.306800	0.000453
548.311959	0.000416
548.317118	0.000378
548.322278	0.000339
548.327437	0.000299
548.332596	0.000260
548.337755	0.000221
548.342915	0.000182
548.348074	0.000144
548.353233	0.000106
548.358392	6.882350E-5
548.363551	3.218651E-5
548.368711	-3.496806E-6
548.373870	-3.814697E-5
548.379029	-7.168452E-5
548.384188	-0.000104
548.389348	-0.000134
548.394507	-0.000163
548.399666	-0.000190
548.404825	-0.000216
548.409984	-0.000239
548.415144	-0.000260
548.420303	-0.000278
548.425462	-0.000295
548.430621	-0.000309
548.435781	-0.000320
548.440940	-0.000329
548.446099	-0.000336
548.451258	-0.000341
548.456417	-0.000343
548.461577	-0.000344
548.466736	-0.000342
548.471895	-0.000338
548.477054	-0.000333
548.482214	-0.000326
548.487373	-0.000317
548.492532	-0.000305
548.497691	-0.000293
548.502850	-0.000279
548.508010	-0.000264
548.513169	-0.000247
548.518328	-0.000229
548.523487	-0.000210
548.528647	-0.000190
548.533806	-0.000169
548.538965	-0.000147
548.544124	-0.000124
548.549283	-0.000101
548.554443	-7.653236E-5
548.559602	-5.300840E-5
548.564761	-2.948443E-5
548.569920	-6.119410E-6
548.575080	1.692772E-5
548.580239	3.965696E-5
548.585398	6.159147E-5
548.590557	8.265177E-5
548.595716	0.000103
548.600876	0.000122
548.606035	0.000140
548.611194	0.000157
548.616353	0.000173
548.621513	0.000187
548.626672	0.000200
548.631831	0.000211
548.636990	0.000221
548.642149	0.000229
548.647309	0.000235
548.652468	0.000240
548.657627	0.000243
548.662786	0.000244
548.667946	0.000244
548.673105	0.000242
548.678264	0.000239
548.683423	0.000234
548.688582	0.000228
548.693742	0.000221
548.698901	0.000213
548.704060	0.000203
548.709219	0.000193
548.714379	0.000182
548.719538	0.000170
548.724697	0.000158
548.729856	0.000145
548.735015	0.000131
548.740175	0.000117
548.745334	0.000102
548.750493	8.622805E-5
548.755652	7.073085E-5
548.760812	5.499522E-5
548.765971	3.910065E-5
548.771130	2.352397E-5
548.776289	8.185705E-6
548.781448	-7.073085E-6
548.786608	-2.153714E-5
548.791767	-3.568331E-5
548.796926	-4.903475E-5
548.802085	-6.175041E-5
548.807245	-7.343292E-5
548.812404	-8.440018E-5
548.817563	-9.441376E-5
548.822722	-0.000104
548.827881	-0.000111
548.833041	-0.000118
548.838200	-0.000124
548.843359	-0.000129
548.848518	-0.000133
548.853678	-0.000136
548.858837	-0.000138
548.863996	-0.000139
548.869155	-0.000139
548.874314	-0.000137
548.879474	-0.000135
548.884633	-0.000132
548.889792	-0.000129
548.894951	-0.000124
548.900111	-0.000119
548.905270	-0.000113
548.910429	-0.000106
548.915588	-9.878476E-5
548.920747	-9.099642E-5
548.925907	-8.281072E-5
548.931066	-7.422765E-5
548.936225	-6.532669E-5
548.941384	-5.610784E-5
548.946543	-4.673004E-5
548.951703	-3.719330E-5
548.956862	-2.765656E-5
548.962021	-1.811981E-5
548.967180	-8.821487E-6
548.972340	3.178914E-7
548.977499	9.298325E-6
548.982658	1.772245E-5
548.987817	2.582868E-5
548.992976	3.329913E-5
548.998136	4.045169E-5
549.003295	4.688899E-5
549.008454	5.269051E-5
549.013613	5.801519E-5
549.018773	6.254514E-5
549.023932	6.628036E-5
549.029091	6.961823E-5
549.034250	7.184347E-5
549.039409	7.335345E-5
549.044569	7.414818E-5
549.049728	7.406871E-5
549.054887	7.343292E-5
549.060046	7.184347E-5
549.065206	6.961823E-5
549.070365	6.667773E-5
549.075524	6.326040E-5
549.080683	5.896886E-5
549.085842	5.420049E-5
549.091002	4.903475E-5
549.096161	4.355113E-5
549.101320	3.743172E-5
549.106479	3.099442E-5
549.111639	2.431870E-5
549.116798	1.732508E-5
549.121957	1.017253E-5
549.127116	2.543132E-6
549.132275	-5.006790E-6
549.137435	-1.247724E-5
549.142594	-2.002716E-5
549.147753	-2.741814E-5
549.152912	-3.457069E-5
549.158072	-4.156431E-5
549.163231	-4.808108E-5
549.168390	-5.459785E-5
549.173549	-6.055832E-5
549.178708	-6.620089E-5
549.183868	-7.152557E-5
549.189027	-7.621447E-5
549.194186	-8.066495E-5
549.199345	-8.447965E-5
549.204505	-8.773804E-5
549.209664	-9.044011E-5
549.214823	-9.290377E-5
549.219982	-9.449323E-5
549.225141	-9.552638E-5
549.230301	-9.592374E-5
549.235460	-9.576480E-5
549.240619	-9.504954E-5
549.245778	-9.353956E-5
549.250938	-9.139379E-5
549.256097	-8.885066E-5
549.261256	-8.551280E-5
549.266415	-8.177757E-5
549.271574	-7.748604E-5
549.276734	-7.255872E-5
549.281893	-6.739299E-5
549.287052	-6.159147E-5
549.292211	-5.555153E-5
549.297371	-4.919370E-5
549.302530	-4.243851E-5
549.307689	-3.568331E-5
549.312848	-2.868970E-5
549.318007	-2.169609E-5
549.323167	-1.462301E-5
549.328326	-7.549922E-6
549.333485	-7.947286E-7
549.338644	5.801519E-6
549.343804	1.231829E-5
549.348963	1.859665E-5
549.354122	2.423922E-5
549.359281	2.988180E-5
549.364440	3.512700E-5
549.369600	3.997485E-5
549.374759	4.410744E-5
549.379918	4.792213E-5
549.385077	5.125999E-5
549.390237	5.412102E-5
549.395396	5.642573E-5
549.400555	5.809466E-5
549.405714	5.920728E-5
549.410873	5.976359E-5
549.416033	5.976359E-5
549.421192	5.912781E-5
549.426351	5.801519E-5
549.431510	5.642573E-5
549.436670	5.435944E-5
549.441829	5.189578E-5
549.446988	4.887581E-5
549.452147	4.545848E-5
549.457306	4.164378E-5
549.462466	3.751119E-5
549.467625	3.306071E-5
549.472784	2.821287E-5
549.477943	2.296766E-5
549.483103	1.756350E-5
549.488262	1.207987E-5
549.493421	6.198883E-6
549.498580	2.384186E-7
549.503739	-5.722046E-6
549.508899	-1.184146E-5
549.514058	-1.796087E-5
549.519217	-2.384186E-5
549.524376	-2.972285E-5
549.529536	-3.528595E-5
549.534695	-4.076958E-5
549.539854	-4.585584E-5
549.545013	-5.078316E-5
549.550172	-5.539258E-5
549.555332	-5.968412E-5
549.560491	-6.357829E-5
549.565650	-6.707509E-5
549.570809	-7.009506E-5
549.575969	-7.311503E-5
549.581128	-7.541974E-5
549.586287	-7.740657E-5
549.591446	-7.891655E-5
549.596605	-7.994970E-5
549.601765	-8.058548E-5
549.606924	-8.082390E-5
549.612083	-8.042653E-5
549.617242	-7.971128E-5
549.622402	-7.851919E-5
549.627561	-7.685026E-5
549.632720	-7.486343E-5
549.637879	-7.232030E-5
549.643038	-6.922086E-5
549.648198	-6.596247E-5
549.653357	-6.230672E-5
549.658516	-5.833308E-5
549.663675	-5.404154E-5
549.668835	-4.951159E-5
549.673994	-4.474322E-5
549.679153	-3.957748E-5
549.684312	-3.425280E-5
549.689471	-2.884865E-5
549.694631	-2.320608E-5
549.699790	-1.748403E-5
549.704949	-1.184146E-5
549.710108	-6.039937E-6
549.715268	-2.384186E-7
549.720427	5.324682E-6
549.725586	1.104673E-5
549.730745	1.668930E-5
549.735904	2.201398E-5
549.741064	2.725919E-5
549.746223	3.226598E-5
549.751382	3.695488E-5
549.756541	4.140536E-5
549.761701	4.561742E-5
549.766860	4.951159E-5
549.772019	5.300840E-5
549.777178	5.626678E-5
549.782337	5.912781E-5
549.787497	6.151199E-5
549.792656	6.357829E-5
549.797815	6.508827E-5
549.802974	6.620089E-5
549.808134	6.707509E-5
549.813293	6.771088E-5
549.818452	6.771088E-5
549.823611	6.763140E-5
549.828770	6.707509E-5
549.833930	6.628036E-5
549.839089	6.516774E-5
549.844248	6.373723E-5
549.849407	6.206830E-5
549.854567	6.016095E-5
549.859726	5.793571E-5
549.864885	5.555153E-5
549.870044	5.292892E-5
549.875203	5.014737E-5
549.880363	4.720688E-5
549.885522	4.418691E-5
549.890681	4.100800E-5
549.895840	3.774961E-5
549.900999	3.457069E-5
549.906159	3.123283E-5
549.911318	2.789497E-5
549.916477	2.439817E-5
549.921636	2.113978E-5
549.926796	1.780192E-5
549.931955	1.470248E-5
549.937114	1.144409E-5
549.942273	8.344650E-6
549.947432	5.245209E-6
549.952592	2.384186E-6
549.957751	-4.768372E-7
549.962910	-3.178914E-6
549.968069	-5.642573E-6
549.973229	-7.947286E-6
549.978388	-1.001358E-5
549.983547	-1.184146E-5
549.988706	-1.358986E-5
549.993865	-1.517932E-5
549.999025	-1.653035E-5
550.004184	-1.764297E-5
550.009343	-1.843770E-5
550.014502	-1.915296E-5
550.019662	-1.970927E-5
550.024821	-1.994769E-5
550.029980	-2.018611E-5
550.035139	-2.010663E-5
550.040298	-1.986821E-5
550.045458	-1.947085E-5
550.050617	-1.891454E-5
550.055776	-1.811981E-5
550.060935	-1.732508E-5
550.066095	-1.637141E-5
550.071254	-1.533826E-5
550.076413	-1.422564E-5
550.081572	-1.303355E-5
550.086731	-1.176198E-5
550.091891	-1.049042E-5
550.097050	-9.218852E-6
550.102209	-7.788340E-6
550.107368	-6.437302E-6
550.112528	-5.086263E-6
550.117687	-3.894170E-6
550.122846	-2.622604E-6
550.128005	-1.351039E-6
550.133164	-1.589457E-7
550.138324	9.536743E-7
550.143483	2.066294E-6
550.148642	3.258387E-6
550.153801	4.291534E-6
550.158961	5.245209E-6
550.164120	6.039937E-6
550.169279	6.755193E-6
550.174438	7.470449E-6
550.179597	7.947286E-6
550.184757	8.424123E-6
550.189916	8.742015E-6
550.195075	8.980433E-6
550.200234	9.059906E-6
550.205394	9.059906E-6
550.210553	8.980433E-6
550.215712	8.900960E-6
550.220871	8.662542E-6
550.226030	8.344650E-6
550.231190	7.947286E-6
550.236349	7.470449E-6
550.241508	6.914139E-6
550.246667	6.278356E-6
550.251827	5.483627E-6
550.256986	4.847844E-6
550.262145	3.973643E-6
550.267304	3.099442E-6
550.272463	2.304713E-6
550.277623	1.430511E-6
550.282782	3.973643E-7
550.287941	-3.973643E-7
550.293100	-1.351039E-6
550.298260	-2.304713E-6
550.303419	-3.178914E-6
550.308578	-4.132589E-6
550.313737	-5.006790E-6
550.318896	-5.960464E-6
550.324056	-6.834666E-6
550.329215	-7.629395E-6
550.334374	-8.424123E-6
550.339533	-9.218852E-6
550.344693	-9.854635E-6
550.349852	-1.049042E-5
550.355011	-1.096725E-5
550.360170	-1.160304E-5
550.365329	-1.207987E-5
550.370489	-1.239777E-5
550.375648	-1.255671E-5
550.380807	-1.287460E-5
550.385966	-1.303355E-5
550.391126	-1.311302E-5
550.396285	-1.311302E-5
550.401444	-1.303355E-5
550.406603	-1.279513E-5
550.411762	-1.263618E-5
550.416922	-1.223882E-5
550.422081	-1.184146E-5
550.427240	-1.160304E-5
550.432399	-1.112620E-5
550.437559	-1.056989E-5
550.442718	-9.854635E-6
550.447877	-9.139379E-6
550.453036	-8.503596E-6
550.458195	-7.629395E-6
550.463355	-6.993612E-6
550.468514	-5.960464E-6
550.473673	-5.165736E-6
550.478832	-4.132589E-6
550.483992	-3.337860E-6
550.489151	-2.463659E-6
550.494310	-1.430511E-6
550.499469	-5.563100E-7
550.504628	3.178914E-7
550.509788	1.351039E-6
550.514947	2.066294E-6
550.520106	3.019969E-6
550.525265	3.894170E-6
550.530425	4.529953E-6
550.535584	5.245209E-6
550.540743	5.880992E-6
550.545902	6.437302E-6
550.551061	7.073085E-6
550.556221	7.470449E-6
550.561380	7.708867E-6
550.566539	8.106232E-6
550.571698	8.265177E-6
550.576858	8.583069E-6
550.582017	8.662542E-6
550.587176	8.662542E-6
550.592335	8.662542E-6
550.597494	8.583069E-6
550.602654	8.344650E-6
550.607813	8.026759E-6
550.612972	7.708867E-6
550.618131	7.311503E-6
550.623291	6.755193E-6
550.628450	6.198883E-6
550.633609	5.563100E-6
550.638768	4.927317E-6
550.643927	4.132589E-6
550.649087	3.337860E-6
550.654246	2.384186E-6
550.659405	1.430511E-6
550.664564	3.973643E-7
550.669724	-6.357829E-7
550.674883	-1.827876E-6
550.680042	-3.019969E-6
550.685201	-4.053116E-6
550.690360	-5.245209E-6
550.695520	-6.437302E-6
550.700679	-7.708867E-6
550.705838	-8.980433E-6
550.710997	-1.033147E-5
550.716157	-1.160304E-5
550.721316	-1.303355E-5
550.726475	-1.422564E-5
550.731634	-1.549721E-5
550.736793	-1.676877E-5
550.741953	-1.788139E-5
550.747112	-1.899401E-5
550.752271	-2.010663E-5
550.757430	-2.113978E-5
550.762590	-2.201398E-5
550.767749	-2.296766E-5
550.772908	-2.368291E-5
550.778067	-2.439817E-5
550.783226	-2.495448E-5
550.788386	-2.535184E-5
550.793545	-2.598763E-5
550.798704	-2.614657E-5
550.803863	-2.654394E-5
550.809022	-2.662341E-5
550.814182	-2.678235E-5
550.819341	-2.678235E-5
550.824500	-2.662341E-5
550.829659	-2.638499E-5
550.834819	-2.614657E-5
550.839978	-2.566973E-5
550.845137	-2.511342E-5
550.850296	-2.447764E-5
550.855455	-2.368291E-5
550.860615	-2.288818E-5
550.865774	-2.185504E-5
550.870933	-2.082189E-5
550.876092	-1.962980E-5
550.881252	-1.827876E-5
550.886411	-1.692772E-5
550.891570	-1.549721E-5
550.896729	-1.398722E-5
550.901888	-1.239777E-5
550.907048	-1.080831E-5
550.912207	-9.139379E-6
550.917366	-7.390976E-6
550.922525	-5.801519E-6
550.927685	-4.053116E-6
550.932844	-2.304713E-6
550.938003	-6.357829E-7
550.943162	1.112620E-6
550.948321	2.781550E-6
550.953481	4.688899E-6
550.958640	6.516774E-6
550.963799	8.503596E-6
550.968958	1.049042E-5
550.974118	1.247724E-5
550.979277	1.446406E-5
550.984436	1.637141E-5
550.989595	1.835823E-5
550.994754	2.018611E-5
550.999914	2.209345E-5
551.005073	2.384186E-5
551.010232	2.551079E-5
551.015391	2.710025E-5
551.020551	2.861023E-5
551.025710	3.004074E-5
551.030869	3.131231E-5
551.036028	3.266335E-5
551.041187	3.393491E-5
551.046347	3.504753E-5
551.051506	3.600121E-5
551.056665	3.711383E-5
551.061824	3.798803E-5
551.066984	3.878276E-5
551.072143	3.949801E-5
551.077302	3.997485E-5
551.082461	4.045169E-5
551.087620	4.084905E-5
551.092780	4.116694E-5
551.097939	4.140536E-5
551.103098	4.156431E-5
551.108257	4.164378E-5
551.113417	4.148483E-5
551.118576	4.140536E-5
551.123735	4.108747E-5
551.128894	4.069010E-5
551.134053	4.029274E-5
551.139213	3.989538E-5
551.144372	3.925959E-5
551.149531	3.870328E-5
551.154690	3.790855E-5
551.159850	3.719330E-5
551.165009	3.639857E-5
551.170168	3.560384E-5
551.175327	3.457069E-5
551.180486	3.353755E-5
551.185646	3.258387E-5
551.190805	3.147125E-5
551.195964	3.027916E-5
551.201123	2.908707E-5
551.206283	2.789497E-5
551.211442	2.662341E-5
551.216601	2.527237E-5
551.221760	2.400080E-5
551.226919	2.241135E-5
551.232079	2.098083E-5
551.237238	1.939138E-5
551.242397	1.788139E-5
551.247556	1.629194E-5
551.252716	1.470248E-5
551.257875	1.295408E-5
551.263034	1.136462E-5
551.268193	9.854635E-6
551.273352	8.106232E-6
551.278512	6.437302E-6
551.283671	4.847844E-6
551.288830	3.178914E-6
551.293989	1.748403E-6
551.299149	1.589457E-7
551.304308	-1.271566E-6
551.309467	-2.781550E-6
551.314626	-4.371007E-6
551.319785	-5.722046E-6
551.324945	-7.232030E-6
551.330104	-8.821487E-6
551.335263	-1.025200E-5
551.340422	-1.176198E-5
551.345582	-1.335144E-5
551.350741	-1.486142E-5
551.355900	-1.645088E-5
551.361059	-1.804034E-5
551.366218	-1.947085E-5
551.371378	-2.082189E-5
551.376537	-2.225240E-5
551.381696	-2.360344E-5
551.386855	-2.495448E-5
551.392015	-2.638499E-5
551.397174	-2.757708E-5
551.402333	-2.876918E-5
551.407492	-2.996127E-5
551.412651	-3.107389E-5
551.417811	-3.210704E-5
551.422970	-3.321966E-5
551.428129	-3.417333E-5
551.433288	-3.496806E-5
551.438448	-3.568331E-5
551.443607	-3.639857E-5
551.448766	-3.687541E-5
551.453925	-3.735224E-5
551.459084	-3.790855E-5
551.464244	-3.822645E-5
551.469403	-3.830592E-5
551.474562	-3.838539E-5
551.479721	-3.830592E-5
551.484881	-3.806750E-5
551.490040	-3.774961E-5
551.495199	-3.727277E-5
551.500358	-3.687541E-5
551.505517	-3.631910E-5
551.510677	-3.552437E-5
551.515836	-3.480911E-5
551.520995	-3.393491E-5
551.526154	-3.298124E-5
551.531314	-3.202756E-5
551.536473	-3.083547E-5
551.541632	-2.964338E-5
551.546791	-2.845128E-5
551.551950	-2.702077E-5
551.557110	-2.551079E-5
551.562269	-2.400080E-5
551.567428	-2.233187E-5
551.572587	-2.066294E-5
551.577747	-1.891454E-5
551.582906	-1.716614E-5
551.588065	-1.533826E-5
551.593224	-1.358986E-5
551.598383	-1.152356E-5
551.603543	-9.775162E-6
551.608702	-7.708867E-6
551.613861	-5.801519E-6
551.619020	-4.053116E-6
551.624180	-2.066294E-6
551.629339	-2.384186E-7
551.634498	1.509984E-6
551.639657	3.258387E-6
551.644816	4.927317E-6
551.649976	6.516774E-6
551.655135	8.026759E-6
551.660294	9.616216E-6
551.665453	1.096725E-5
551.670613	1.223882E-5
551.675772	1.351039E-5
551.680931	1.446406E-5
551.686090	1.557668E-5
551.691249	1.653035E-5
551.696409	1.724561E-5
551.701568	1.796087E-5
551.706727	1.851718E-5
551.711886	1.883507E-5
551.717046	1.923243E-5
551.722205	1.939138E-5
551.727364	1.939138E-5
551.732523	1.947085E-5
551.737682	1.923243E-5
551.742842	1.899401E-5
551.748001	1.859665E-5
551.753160	1.811981E-5
551.758319	1.756350E-5
551.763478	1.684825E-5
551.768638	1.613299E-5
551.773797	1.541773E-5
551.778956	1.446406E-5
551.784115	1.343091E-5
551.789275	1.247724E-5
551.794434	1.136462E-5
551.799593	1.025200E-5
551.804752	9.059906E-6
551.809911	7.708867E-6
551.815071	6.437302E-6
551.820230	5.245209E-6
551.825389	3.894170E-6
551.830548	2.463659E-6
551.835708	9.536743E-7
551.840867	-3.973643E-7
551.846026	-1.827876E-6
551.851185	-3.258387E-6
551.856344	-4.688899E-6
551.861504	-6.039937E-6
551.866663	-7.311503E-6
551.871822	-8.583069E-6
551.876981	-9.775162E-6
551.882141	-1.104673E-5
551.887300	-1.207987E-5
551.892459	-1.311302E-5
551.897618	-1.406670E-5
551.902777	-1.502037E-5
551.907937	-1.557668E-5
551.913096	-1.621246E-5
551.918255	-1.676877E-5
551.923414	-1.724561E-5
551.928574	-1.764297E-5
551.933733	-1.780192E-5
551.938892	-1.804034E-5
551.944051	-1.796087E-5
551.949210	-1.772245E-5
551.954370	-1.732508E-5
551.959529	-1.708666E-5
551.964688	-1.645088E-5
551.969847	-1.597404E-5
551.975007	-1.509984E-5
551.980166	-1.422564E-5
551.985325	-1.319249E-5
551.990484	-1.207987E-5
551.995643	-1.080831E-5
552.000803	-9.457270E-6
552.005962	-8.106232E-6
552.011121	-6.755193E-6
552.016280	-5.245209E-6
552.021440	-3.814697E-6
552.026599	-2.304713E-6
552.031758	-7.152557E-7
552.036917	7.152557E-7
552.042076	2.304713E-6
552.047236	3.814697E-6
552.052395	5.404154E-6
552.057554	6.914139E-6
552.062713	8.424123E-6
552.067873	9.854635E-6
552.073032	1.136462E-5
552.078191	1.263618E-5
552.083350	1.382828E-5
552.088509	1.502037E-5
552.093669	1.605352E-5
552.098828	1.708666E-5
552.103987	1.796087E-5
552.109146	1.875559E-5
552.114306	1.947085E-5
552.119465	2.002716E-5
552.124624	2.058347E-5
552.129783	2.098083E-5
552.134942	2.129873E-5
552.140102	2.161662E-5
552.145261	2.177556E-5
552.150420	2.185504E-5
552.155579	2.177556E-5
552.160739	2.169609E-5
552.165898	2.145767E-5
552.171057	2.106031E-5
552.176216	2.066294E-5
552.181375	2.018611E-5
552.186535	1.955032E-5
552.191694	1.875559E-5
552.196853	1.811981E-5
552.202012	1.708666E-5
552.207172	1.613299E-5
552.212331	1.517932E-5
552.217490	1.398722E-5
552.222649	1.287460E-5
552.227808	1.168251E-5
552.232968	1.049042E-5
552.238127	9.377797E-6
552.243286	8.185705E-6
552.248445	6.914139E-6
552.253605	5.722046E-6
552.258764	4.609426E-6
552.263923	3.496806E-6
552.269082	2.304713E-6
552.274241	1.192093E-6
552.279401	2.384186E-7
552.284560	-7.152557E-7
552.289719	-1.668930E-6
552.294878	-2.622604E-6
552.300038	-3.337860E-6
552.305197	-4.212062E-6
552.310356	-4.847844E-6
552.315515	-5.483627E-6
552.320674	-6.039937E-6
552.325834	-6.516774E-6
552.330993	-6.596247E-6
552.336152	-7.073085E-6
552.341311	-7.152557E-6
552.346471	-7.152557E-6
552.351630	-7.073085E-6
552.356789	-6.914139E-6
552.361948	-6.675720E-6
552.367107	-6.357829E-6
552.372267	-5.960464E-6
552.377426	-5.404154E-6
552.382585	-4.927317E-6
552.387744	-4.371007E-6
552.392904	-3.655752E-6
552.398063	-3.019969E-6
552.403222	-2.145767E-6
552.408381	-1.430511E-6
552.413540	-5.563100E-7
552.418700	3.178914E-7
552.423859	1.112620E-6
552.429018	1.907349E-6
552.434177	2.861023E-6
552.439337	3.576279E-6
552.444496	4.450480E-6
552.449655	5.165736E-6
552.454814	5.801519E-6
552.459973	6.437302E-6
552.465133	6.914139E-6
552.470292	7.390976E-6
552.475451	7.867813E-6
552.480610	8.265177E-6
552.485770	8.503596E-6
552.490929	8.742015E-6
552.496088	8.821487E-6
552.501247	8.821487E-6
552.506406	8.742015E-6
552.511566	8.424123E-6
552.516725	7.947286E-6
552.521884	7.470449E-6
552.527043	6.914139E-6
552.532203	6.198883E-6
552.537362	5.563100E-6
552.542521	4.768372E-6
552.547680	3.735224E-6
552.552839	2.702077E-6
552.557999	1.589457E-6
552.563158	3.973643E-7
552.568317	-8.742015E-7
552.573476	-2.304713E-6
552.578636	-3.735224E-6
552.583795	-5.245209E-6
552.588954	-6.755193E-6
552.594113	-8.185705E-6
552.599272	-9.775162E-6
552.604432	-1.144409E-5
552.609591	-1.303355E-5
552.614750	-1.462301E-5
552.619909	-1.621246E-5
552.625069	-1.764297E-5
552.630228	-1.907349E-5
552.635387	-2.058347E-5
552.640546	-2.169609E-5
552.645705	-2.304713E-5
552.650865	-2.415975E-5
552.656024	-2.511342E-5
552.661183	-2.582868E-5
552.666342	-2.662341E-5
552.671502	-2.725919E-5
552.676661	-2.765656E-5
552.681820	-2.821287E-5
552.686979	-2.845128E-5
552.692138	-2.853076E-5
552.697298	-2.845128E-5
552.702457	-2.829234E-5
552.707616	-2.797445E-5
552.712775	-2.741814E-5
552.717934	-2.670288E-5
552.723094	-2.590815E-5
552.728253	-2.495448E-5
552.733412	-2.384186E-5
552.738571	-2.257029E-5
552.743731	-2.098083E-5
552.748890	-1.947085E-5
552.754049	-1.772245E-5
552.759208	-1.605352E-5
552.764367	-1.422564E-5
552.769527	-1.207987E-5
552.774686	-1.017253E-5
552.779845	-8.185705E-6
552.785004	-5.960464E-6
552.790164	-3.894170E-6
552.795323	-1.827876E-6
552.800482	1.589457E-7
552.805641	2.225240E-6
552.810800	4.450480E-6
552.815960	6.357829E-6
552.821119	8.344650E-6
552.826278	1.025200E-5
552.831437	1.215935E-5
552.836597	1.390775E-5
552.841756	1.565615E-5
552.846915	1.732508E-5
552.852074	1.875559E-5
552.857233	2.002716E-5
552.862393	2.121925E-5
552.867552	2.217293E-5
552.872711	2.312660E-5
552.877870	2.392133E-5
552.883030	2.455711E-5
552.888189	2.519290E-5
552.893348	2.559026E-5
552.898507	2.574921E-5
552.903666	2.598763E-5
552.908826	2.598763E-5
552.913985	2.598763E-5
552.919144	2.566973E-5
552.924303	2.535184E-5
552.929463	2.487501E-5
552.934622	2.400080E-5
552.939781	2.328555E-5
552.944940	2.225240E-5
552.950099	2.106031E-5
552.955259	1.994769E-5
552.960418	1.859665E-5
552.965577	1.716614E-5
552.970736	1.565615E-5
552.975896	1.398722E-5
552.981055	1.231829E-5
552.986214	1.056989E-5
552.991373	8.821487E-6
552.996532	7.073085E-6
553.001692	5.245209E-6
553.006851	3.417333E-6
553.012010	1.589457E-6
553.017169	-1.589457E-7
553.022329	-1.986821E-6
553.027488	-3.735224E-6
553.032647	-5.483627E-6
553.037806	-7.232030E-6
553.042965	-8.821487E-6
553.048125	-1.041094E-5
553.053284	-1.192093E-5
553.058443	-1.335144E-5
553.063602	-1.454353E-5
553.068762	-1.581510E-5
553.073921	-1.700719E-5
553.079080	-1.819928E-5
553.084239	-1.915296E-5
553.089398	-1.994769E-5
553.094558	-2.066294E-5
553.099717	-2.129873E-5
553.104876	-2.169609E-5
553.110035	-2.209345E-5
553.115195	-2.233187E-5
553.120354	-2.241135E-5
553.125513	-2.225240E-5
553.130672	-2.209345E-5
553.135831	-2.169609E-5
553.140991	-2.129873E-5
553.146150	-2.058347E-5
553.151309	-1.994769E-5
553.156468	-1.923243E-5
553.161628	-1.843770E-5
553.166787	-1.748403E-5
553.171946	-1.653035E-5
553.177105	-1.541773E-5
553.182264	-1.414617E-5
553.187424	-1.303355E-5
553.192583	-1.168251E-5
553.197742	-1.033147E-5
553.202901	-8.980433E-6
553.208061	-7.629395E-6
553.213220	-6.039937E-6
553.218379	-4.768372E-6
553.223538	-3.258387E-6
553.228697	-1.827876E-6
553.233857	-4.768372E-7
553.239016	8.742015E-7
553.244175	2.304713E-6
553.249334	3.576279E-6
553.254494	4.688899E-6
553.259653	6.119410E-6
553.264812	7.232030E-6
553.269971	8.265177E-6
553.275130	9.377797E-6
553.280290	1.025200E-5
553.285449	1.120567E-5
553.290608	1.192093E-5
553.295767	1.279513E-5
553.300927	1.335144E-5
553.306086	1.390775E-5
553.311245	1.430511E-5
553.316404	1.470248E-5
553.321563	1.517932E-5
553.326723	1.533826E-5
553.331882	1.541773E-5
553.337041	1.549721E-5
553.342200	1.557668E-5
553.347360	1.541773E-5
553.352519	1.509984E-5
553.357678	1.502037E-5
553.362837	1.478195E-5
553.367996	1.438459E-5
553.373156	1.406670E-5
553.378315	1.366933E-5
553.383474	1.327197E-5
553.388633	1.279513E-5
553.393793	1.223882E-5
553.398952	1.176198E-5
553.404111	1.112620E-5
553.409270	1.064936E-5
553.414429	1.017253E-5
553.419589	9.536743E-6
553.424748	8.980433E-6
553.429907	8.344650E-6
553.435066	7.867813E-6
553.440226	7.311503E-6
553.445385	6.755193E-6
553.450544	6.119410E-6
553.455703	5.722046E-6
553.460862	5.165736E-6
553.466022	4.847844E-6
553.471181	4.371007E-6
553.476340	4.053116E-6
553.481499	3.735224E-6
553.486659	3.417333E-6
553.491818	3.019969E-6
553.496977	2.861023E-6
553.502136	2.463659E-6
553.507295	2.304713E-6
553.512455	1.986821E-6
553.517614	1.748403E-6
553.522773	1.430511E-6
553.527932	1.271566E-6
553.533092	1.033147E-6
553.538251	9.536743E-7
553.543410	6.357829E-7
553.548569	4.768372E-7
553.553728	3.178914E-7
553.558888	7.947286E-8
553.564047	-1.589457E-7
553.569206	-3.178914E-7
553.574365	-6.357829E-7
553.579525	-7.947286E-7
553.584684	-1.192093E-6
553.589843	-1.430511E-6
553.595002	-1.827876E-6
553.600161	-2.145767E-6
553.605321	-2.463659E-6
553.610480	-2.861023E-6
553.615639	-3.337860E-6
553.620798	-3.735224E-6
553.625957	-4.132589E-6
553.631117	-4.609426E-6
553.636276	-5.086263E-6
553.641435	-5.563100E-6
553.646594	-6.198883E-6
553.651754	-6.675720E-6
553.656913	-7.073085E-6
553.662072	-7.549922E-6
553.667231	-7.867813E-6
553.672390	-8.344650E-6
553.677550	-8.742015E-6
553.682709	-9.059906E-6
553.687868	-9.457270E-6
553.693027	-9.934107E-6
553.698187	-1.025200E-5
553.703346	-1.072884E-5
553.708505	-1.096725E-5
553.713664	-1.120567E-5
553.718823	-1.144409E-5
553.723983	-1.160304E-5
553.729142	-1.168251E-5
553.734301	-1.184146E-5
553.739460	-1.192093E-5
553.744620	-1.200040E-5
553.749779	-1.192093E-5
553.754938	-1.192093E-5
553.760097	-1.192093E-5
553.765256	-1.160304E-5
553.770416	-1.136462E-5
553.775575	-1.112620E-5
553.780734	-1.088778E-5
553.785893	-1.049042E-5
553.791053	-1.009305E-5
553.796212	-9.695689E-6
553.801371	-9.139379E-6
553.806530	-8.583069E-6
553.811689	-8.106232E-6
553.816849	-7.549922E-6
553.822008	-6.993612E-6
553.827167	-6.437302E-6
553.832326	-5.801519E-6
553.837486	-5.086263E-6
553.842645	-4.371007E-6
553.847804	-3.655752E-6
553.852963	-3.099442E-6
553.858122	-2.384186E-6
553.863282	-1.668930E-6
553.868441	-8.742015E-7
553.873600	-2.384186E-7
553.878759	3.973643E-7
553.883919	1.112620E-6
553.889078	1.748403E-6
553.894237	2.304713E-6
553.899396	3.019969E-6
553.904555	3.655752E-6
553.909715	4.212062E-6
553.914874	4.927317E-6
553.920033	5.563100E-6
553.925192	6.039937E-6
553.930352	6.675720E-6
553.935511	7.152557E-6
553.940670	7.629395E-6
553.945829	8.106232E-6
553.950988	8.583069E-6
553.956148	8.821487E-6
553.961307	9.218852E-6
553.966466	9.536743E-6
553.971625	9.854635E-6
553.976785	1.017253E-5
553.981944	1.041094E-5
553.987103	1.064936E-5
553.992262	1.080831E-5
553.997421	1.112620E-5
554.002581	1.120567E-5
554.007740	1.128515E-5
554.012899	1.136462E-5
554.018058	1.120567E-5
554.023218	1.120567E-5
554.028377	1.112620E-5
554.033536	1.112620E-5
554.038695	1.088778E-5
554.043854	1.072884E-5
554.049014	1.049042E-5
554.054173	1.025200E-5
554.059332	9.854635E-6
554.064491	9.536743E-6
554.069651	9.059906E-6
554.074810	8.583069E-6
554.079969	8.185705E-6
554.085128	7.708867E-6
554.090287	7.152557E-6
554.095447	6.675720E-6
554.100606	5.960464E-6
554.105765	5.404154E-6
554.110924	4.688899E-6
554.116084	3.973643E-6
554.121243	3.337860E-6
554.126402	2.622604E-6
554.131561	1.986821E-6
554.136720	1.351039E-6
554.141880	5.563100E-7
554.147039	7.947286E-8
554.152198	-5.563100E-7
554.157357	-1.271566E-6
554.162517	-1.827876E-6
554.167676	-2.543132E-6
554.172835	-3.099442E-6
554.177994	-3.735224E-6
554.183153	-4.291534E-6
554.188313	-4.688899E-6
554.193472	-5.245209E-6
554.198631	-5.642573E-6
554.203790	-5.960464E-6
554.208950	-6.278356E-6
554.214109	-6.596247E-6
554.219268	-6.914139E-6
554.224427	-6.993612E-6
554.229586	-7.311503E-6
554.234746	-7.311503E-6
554.239905	-7.311503E-6
554.245064	-7.311503E-6
554.250223	-7.232030E-6
554.255383	-7.152557E-6
554.260542	-7.152557E-6
554.265701	-6.755193E-6
554.270860	-6.596247E-6
554.276019	-6.198883E-6
554.281179	-5.880992E-6
554.286338	-5.404154E-6
554.291497	-5.086263E-6
554.296656	-4.450480E-6
554.301816	-4.053116E-6
554.306975	-3.576279E-6
554.312134	-3.019969E-6
554.317293	-2.543132E-6
554.322452	-2.066294E-6
554.327612	-1.589457E-6
554.332771	-1.033147E-6
554.337930	-4.768372E-7
554.343089	-1.589457E-7
554.348249	3.178914E-7
554.353408	8.742015E-7
554.358567	1.192093E-6
554.363726	1.668930E-6
554.368885	2.066294E-6
554.374045	2.463659E-6
554.379204	2.702077E-6
554.384363	2.940496E-6
554.389522	3.258387E-6
554.394682	3.496806E-6
554.399841	3.735224E-6
554.405000	3.894170E-6
554.410159	3.973643E-6
554.415318	3.973643E-6
554.420478	4.053116E-6
554.425637	3.973643E-6
554.430796	3.814697E-6
554.435955	3.576279E-6
554.441115	3.337860E-6
554.446274	2.940496E-6
554.451433	2.702077E-6
554.456592	2.304713E-6
554.461751	1.827876E-6
554.466911	1.509984E-6
554.472070	1.112620E-6
554.477229	7.152557E-7
554.482388	3.178914E-7
554.487548	-1.589457E-7
554.492707	-7.152557E-7
554.497866	-1.271566E-6
554.503025	-1.748403E-6
554.508184	-2.304713E-6
554.513344	-2.861023E-6
554.518503	-3.417333E-6
554.523662	-3.973643E-6
554.528821	-4.291534E-6
554.533981	-4.688899E-6
554.539140	-5.086263E-6
554.544299	-5.404154E-6
554.549458	-5.722046E-6
554.554617	-5.801519E-6
554.559777	-5.960464E-6
554.564936	-6.119410E-6
554.570095	-6.119410E-6
554.575254	-6.198883E-6
554.580413	-6.198883E-6
554.585573	-6.119410E-6
554.590732	-6.119410E-6
554.595891	-5.880992E-6
554.601050	-5.722046E-6
554.606210	-5.483627E-6
554.611369	-5.245209E-6
554.616528	-4.927317E-6
554.621687	-4.450480E-6
554.626846	-3.973643E-6
554.632006	-3.417333E-6
554.637165	-2.861023E-6
554.642324	-2.145767E-6
554.647483	-1.430511E-6
554.652643	-7.152557E-7
554.657802	7.947286E-8
554.662961	7.947286E-7
554.668120	1.668930E-6
554.673279	2.384186E-6
554.678439	3.178914E-6
554.683598	4.053116E-6
554.688757	4.927317E-6
554.693916	5.801519E-6
554.699076	6.675720E-6
554.704235	7.470449E-6
554.709394	8.424123E-6
554.714553	9.139379E-6
554.719712	9.934107E-6
554.724872	1.064936E-5
554.730031	1.128515E-5
554.735190	1.207987E-5
554.740349	1.255671E-5
554.745509	1.319249E-5
554.750668	1.358986E-5
554.755827	1.398722E-5
554.760986	1.438459E-5
554.766145	1.454353E-5
554.771305	1.462301E-5
554.776464	1.478195E-5
554.781623	1.470248E-5
554.786782	1.454353E-5
554.791942	1.438459E-5
554.797101	1.390775E-5
554.802260	1.343091E-5
554.807419	1.287460E-5
554.812578	1.215935E-5
554.817738	1.136462E-5
554.822897	1.056989E-5
554.828056	9.775162E-6
554.833215	8.742015E-6
554.838375	7.788340E-6
554.843534	6.675720E-6
554.848693	5.404154E-6
554.853852	4.132589E-6
554.859011	2.861023E-6
554.864171	1.430511E-6
554.869330	1.589457E-7
554.874489	-1.192093E-6
554.879648	-2.543132E-6
554.884808	-3.973643E-6
554.889967	-5.563100E-6
554.895126	-6.914139E-6
554.900285	-8.424123E-6
554.905444	-9.934107E-6
554.910604	-1.144409E-5
554.915763	-1.287460E-5
554.920922	-1.438459E-5
554.926081	-1.581510E-5
554.931241	-1.716614E-5
554.936400	-1.835823E-5
554.941559	-1.962980E-5
554.946718	-2.074242E-5
554.951877	-2.185504E-5
554.957037	-2.288818E-5
554.962196	-2.392133E-5
554.967355	-2.471606E-5
554.972514	-2.535184E-5
554.977674	-2.598763E-5
554.982833	-2.646446E-5
554.987992	-2.678235E-5
554.993151	-2.710025E-5
554.998310	-2.725919E-5
555.003470	-2.725919E-5
555.008629	-2.717972E-5
555.013788	-2.710025E-5
555.018947	-2.678235E-5
555.024107	-2.630552E-5
555.029266	-2.582868E-5
555.034425	-2.519290E-5
555.039584	-2.447764E-5
555.044743	-2.368291E-5
555.049903	-2.272924E-5
555.055062	-2.185504E-5
555.060221	-2.074242E-5
555.065380	-1.970927E-5
555.070540	-1.867612E-5
555.075699	-1.764297E-5
555.080858	-1.653035E-5
555.086017	-1.549721E-5
555.091176	-1.438459E-5
555.096336	-1.327197E-5
555.101495	-1.215935E-5
555.106654	-1.112620E-5
555.111813	-1.001358E-5
555.116973	-8.980433E-6
555.122132	-8.026759E-6
555.127291	-7.152557E-6
555.132450	-6.119410E-6
555.137609	-5.404154E-6
555.142769	-4.609426E-6
555.147928	-3.814697E-6
555.153087	-3.099442E-6
555.158246	-2.463659E-6
555.163406	-1.907349E-6
555.168565	-1.351039E-6
555.173724	-9.536743E-7
555.178883	-7.152557E-7
555.184042	-5.563100E-7
555.189202	-4.768372E-7
555.194361	-3.973643E-7
555.199520	-4.768372E-7
555.204679	-6.357829E-7
555.209839	-7.152557E-7
555.214998	-8.742015E-7
555.220157	-1.351039E-6
555.225316	-1.589457E-6
555.230475	-1.986821E-6
555.235635	-2.384186E-6
555.240794	-2.940496E-6
555.245953	-3.496806E-6
555.251112	-3.973643E-6
555.256272	-4.609426E-6
555.261431	-5.086263E-6
555.266590	-5.801519E-6
555.271749	-6.437302E-6
555.276908	-7.152557E-6
555.282068	-7.788340E-6
555.287227	-8.344650E-6
555.292386	-8.821487E-6
555.297545	-9.298325E-6
555.302705	-9.775162E-6
555.307864	-1.017253E-5
555.313023	-1.049042E-5
555.318182	-1.072884E-5
555.323341	-1.096725E-5
555.328501	-1.104673E-5
555.333660	-1.112620E-5
555.338819	-1.128515E-5
555.343978	-1.128515E-5
555.349138	-1.128515E-5
555.354297	-1.112620E-5
555.359456	-1.096725E-5
555.364615	-1.064936E-5
555.369774	-1.033147E-5
555.374934	-9.854635E-6
555.380093	-9.457270E-6
555.385252	-9.059906E-6
555.390411	-8.583069E-6
555.395571	-8.026759E-6
555.400730	-7.549922E-6
555.405889	-6.993612E-6
555.411048	-6.357829E-6
555.416207	-5.722046E-6
555.421367	-5.245209E-6
555.426526	-4.609426E-6
555.431685	-3.894170E-6
555.436844	-3.417333E-6
555.442004	-2.940496E-6
555.447163	-2.622604E-6
555.452322	-2.145767E-6
555.457481	-1.748403E-6
555.462640	-1.271566E-6
555.467800	-8.742015E-7
555.472959	-4.768372E-7
555.478118	-1.589457E-7
555.483277	7.947286E-8
555.488437	3.178914E-7
555.493596	3.973643E-7
555.498755	4.768372E-7
555.503914	4.768372E-7
555.509073	3.973643E-7
555.514233	2.384186E-7
555.519392	7.947286E-8
555.524551	-7.947286E-8
555.529710	-3.178914E-7
555.534869	-7.152557E-7
555.540029	-1.112620E-6
555.545188	-1.589457E-6
555.550347	-2.145767E-6
555.555506	-2.622604E-6
555.560666	-3.099442E-6
555.565825	-3.735224E-6
555.570984	-4.371007E-6
555.576143	-5.006790E-6
555.581302	-5.642573E-6
555.586462	-6.278356E-6
555.591621	-6.834666E-6
555.596780	-7.549922E-6
555.601939	-8.106232E-6
555.607099	-8.662542E-6
555.612258	-9.139379E-6
555.617417	-9.616216E-6
555.622576	-1.009305E-5
555.627735	-1.049042E-5
555.632895	-1.080831E-5
555.638054	-1.112620E-5
555.643213	-1.120567E-5
555.648372	-1.136462E-5
555.653532	-1.144409E-5
555.658691	-1.144409E-5
555.663850	-1.136462E-5
555.669009	-1.128515E-5
555.674168	-1.104673E-5
555.679328	-1.072884E-5
555.684487	-1.041094E-5
555.689646	-9.934107E-6
555.694805	-9.457270E-6
555.699965	-8.821487E-6
555.705124	-8.106232E-6
555.710283	-7.390976E-6
555.715442	-6.596247E-6
555.720601	-5.722046E-6
555.725761	-5.006790E-6
555.730920	-3.894170E-6
555.736079	-2.940496E-6
555.741238	-1.748403E-6
555.746398	-5.563100E-7
555.751557	7.152557E-7
555.756716	1.986821E-6
555.761875	3.258387E-6
555.767034	4.529953E-6
555.772194	5.722046E-6
555.777353	7.073085E-6
555.782512	8.344650E-6
555.787671	9.536743E-6
555.792831	1.096725E-5
555.797990	1.207987E-5
555.803149	1.343091E-5
555.808308	1.470248E-5
555.813467	1.581510E-5
555.818627	1.692772E-5
555.823786	1.804034E-5
555.828945	1.899401E-5
555.834104	2.002716E-5
555.839264	2.082189E-5
555.844423	2.161662E-5
555.849582	2.241135E-5
555.854741	2.304713E-5
555.859900	2.368291E-5
555.865060	2.423922E-5
555.870219	2.455711E-5
555.875378	2.503395E-5
555.880537	2.519290E-5
555.885697	2.535184E-5
555.890856	2.535184E-5
555.896015	2.535184E-5
555.901174	2.519290E-5
555.906333	2.503395E-5
555.911493	2.471606E-5
555.916652	2.447764E-5
555.921811	2.400080E-5
555.926970	2.368291E-5
555.932130	2.328555E-5
555.937289	2.272924E-5
555.942448	2.201398E-5
555.947607	2.137820E-5
555.952766	2.082189E-5
555.957926	2.010663E-5
555.963085	1.939138E-5
555.968244	1.851718E-5
555.973403	1.788139E-5
555.978563	1.700719E-5
555.983722	1.621246E-5
555.988881	1.549721E-5
555.994040	1.470248E-5
