545.500183	2.733883E-6
545.550218	3.035881E-6
545.600254	3.973671E-6
545.650289	4.132617E-6
545.700324	4.466401E-6
545.750359	3.862412E-6
545.800394	3.751142E-6
545.850429	2.861040E-6
545.900464	1.684835E-6
545.950499	-1.589465E-7
546.000534	-2.797461E-6
546.050569	-6.087649E-6
546.100604	-9.791111E-6
546.150639	-1.335150E-5
546.200674	-1.777025E-5
546.250709	-2.317439E-5
546.300744	-3.118539E-5
546.350779	-4.272485E-5
546.400814	-5.958899E-5
546.450849	-8.490927E-5
546.500884	-0.000116
546.550919	-0.000158
546.600954	-0.000213
546.650989	-0.000282
546.701024	-0.000362
546.751059	-0.000446
546.801094	-0.000533
546.851129	-0.000597
546.901164	-0.000608
546.951199	-0.000540
547.001234	-0.000353
547.051269	-1.085605E-5
547.101304	0.000489
547.151339	0.001108
547.201374	0.001754
547.251409	0.002229
547.301444	0.002431
547.351479	0.002216
547.401514	0.001496
547.451549	0.000398
547.501584	-0.000785
547.551619	-0.001841
547.601654	-0.002301
547.651690	-0.002180
547.701725	-0.001578
547.751760	-0.000760
547.801795	-3.856044E-5
547.851830	0.000312
547.901865	0.000302
547.951900	5.828573E-5
548.001935	-0.000178
548.051970	-0.000273
548.102005	-0.000153
548.152040	0.000124
548.202075	0.000411
548.252110	0.000566
548.302145	0.000521
548.352180	0.000320
548.402215	5.006817E-5
548.452250	-0.000156
548.502285	-0.000224
548.552320	-0.000154
548.602355	-6.008181E-6
548.652390	0.000129
548.702425	0.000180
548.752460	0.000141
548.802495	5.013173E-5
548.852530	-3.430073E-5
548.902565	-7.391022E-5
548.952600	-5.032243E-5
549.002635	7.724807E-6
549.052670	5.404179E-5
549.102705	5.672797E-5
549.152740	1.953454E-5
549.202775	-3.175755E-5
549.252810	-7.211414E-5
549.302845	-7.499105E-5
549.352880	-4.407587E-5
549.402915	-1.875571E-6
549.452950	2.234788E-5
549.502985	2.031338E-5
549.553020	-2.050412E-6
549.603055	-2.770436E-5
549.653090	-3.857635E-5
549.703126	-2.686195E-5
549.753161	1.382836E-6
549.803196	2.992961E-5
549.853231	4.450503E-5
549.903266	4.226389E-5
549.953301	2.716395E-5
550.003336	9.203017E-6
550.053371	-2.845143E-6
550.103406	-7.279751E-6
550.153441	-6.103544E-6
550.203476	-4.498191E-6
550.253511	-5.006820E-6
550.303546	-7.915550E-6
550.353581	-1.185740E-5
550.403616	-1.406676E-5
550.453651	-1.435288E-5
550.503686	-1.308130E-5
550.553721	-1.090373E-5
550.603756	-9.791101E-6
550.653791	-9.139433E-6
550.703826	-8.710287E-6
550.753861	-9.107647E-6
550.803896	-9.441432E-6
550.853931	-8.455973E-6
550.903966	-5.086293E-6
550.954001	1.907363E-7
551.004036	6.723434E-6
551.054071	1.215941E-5
551.104106	1.509993E-5
551.154141	1.451181E-5
551.204176	1.115805E-5
551.254211	6.437330E-6
551.304246	2.304727E-6
551.354281	-1.891465E-6
551.404316	-6.278384E-6
551.454351	-1.077658E-5
551.504386	-1.459128E-5
551.554421	-1.659404E-5
551.604456	-1.495683E-5
551.654491	-1.064943E-5
551.704527	-4.975031E-6
551.754562	-3.973667E-7
551.804597	9.218913E-7
551.854632	-4.132614E-7
551.904667	-3.608089E-6
551.954702	-5.006820E-6
552.004737	-3.019984E-6
552.054772	1.398731E-6
552.104807	7.629442E-6
552.154842	1.219119E-5
552.204877	1.366937E-5
552.254912	1.142830E-5
552.304947	7.359227E-6
552.354982	3.210717E-6
552.405017	1.430520E-6
552.455052	6.675771E-7
552.505087	3.496833E-7
552.555122	-1.303363E-6
552.605157	-3.830615E-6
552.655192	-7.502279E-6
552.705227	-1.006132E-5
552.755262	-1.020437E-5
552.805297	-7.693023E-6
552.855332	-3.608086E-6
552.905367	-3.496828E-7
552.955402	1.382836E-6
553.005437	9.377871E-7
553.055472	-1.001365E-6
553.105507	-2.145780E-6
553.155542	-1.430520E-6
553.205577	2.034517E-6
553.255612	5.976387E-6
553.305647	9.187120E-6
553.355682	1.017258E-5
553.405717	8.312920E-6
553.455752	4.752505E-6
553.505787	1.049049E-6
553.555822	-1.462309E-6
553.605857	-3.019985E-6
553.655892	-3.862405E-6
553.705927	-4.863768E-6
553.755963	-6.008175E-6
553.805998	-7.661231E-6
553.856033	-7.820183E-6
553.906068	-7.104906E-6
553.956103	-5.642605E-6
554.006138	-3.846508E-6
554.056173	-2.336516E-6
554.106208	-1.621256E-6
554.156243	-1.668940E-6
554.206278	-2.320621E-6
554.256313	-2.543147E-6
554.306348	-2.288832E-6
554.356383	-1.176205E-6
554.406418	-1.589467E-8
554.456453	8.265234E-7
554.506488	9.536820E-7
554.556523	3.496831E-7
554.606558	4.291568E-7
554.656593	7.311545E-7
554.706628	1.494099E-6
554.756663	2.686199E-6
554.806698	2.924618E-6
554.856733	2.129885E-6
554.906768	-2.861042E-7
554.956803	-3.099459E-6
555.006838	-4.657137E-6
555.056873	-4.720716E-6
555.106908	-3.131246E-6
555.156943	-1.001365E-6
555.206978	6.834716E-7
555.257013	1.271574E-6
555.307048	4.768406E-7
555.357083	-8.583118E-7
555.407118	-1.239785E-6
555.457153	-5.722082E-7
555.507188	4.291564E-7
555.557223	1.176205E-6
555.607258	9.377861E-7
555.657293	-4.609452E-7
555.707328	-1.541783E-6
555.757363	-2.066307E-6
555.807399	-1.223890E-6
555.857434	4.450513E-7
555.907469	1.796097E-6
555.957504	2.574936E-6
556.007539	2.082201E-6
