545.500183	-2.470901E-7
545.550218	-3.164485E-7
545.600254	-1.517220E-7
545.650289	-2.297503E-7
545.700324	-2.297503E-7
545.750359	-2.774342E-7
545.800394	-2.167456E-7
545.850429	-1.733963E-7
545.900464	-2.947739E-7
545.950499	-2.037408E-7
546.000534	-2.947739E-7
546.050569	-1.170425E-7
546.100604	-1.213774E-7
546.150639	-2.687645E-7
546.200674	-2.124106E-7
546.250709	-2.861040E-7
546.300744	-1.994060E-7
546.350779	-1.560567E-7
546.400814	-3.207833E-7
546.450849	-2.687644E-7
546.500884	-4.768407E-8
546.550919	1.083728E-7
546.600954	2.774347E-7
546.650989	2.210806E-7
546.701024	4.638359E-7
546.751059	5.418641E-7
546.801094	7.586097E-7
546.851129	7.499400E-7
546.901164	1.049048E-6
546.951199	1.027374E-6
547.001234	4.595007E-7
547.051269	-1.994060E-7
547.101304	-1.309143E-6
547.151339	-2.557596E-6
547.201374	-4.053140E-6
547.251409	-5.414299E-6
547.301444	-6.068869E-6
547.351479	-5.266912E-6
547.401514	-3.498270E-6
547.451549	-1.096732E-6
547.501584	1.673275E-6
547.551619	4.174517E-6
547.601654	5.964831E-6
547.651690	5.344942E-6
547.701725	3.940432E-6
547.751760	2.054747E-6
547.801795	-8.669816E-8
547.851830	-1.235449E-6
547.901865	-1.252789E-6
547.951900	-9.320058E-7
548.001935	-2.687643E-7
548.051970	9.970307E-8
548.102005	-6.068880E-8
548.152040	-7.716138E-7
548.202075	-1.296138E-6
548.252110	-1.686280E-6
548.302145	-1.538893E-6
548.352180	-1.053383E-6
548.402215	-2.124107E-7
548.452250	7.369349E-8
548.502285	4.118168E-7
548.552320	1.517219E-7
548.602355	-1.257125E-7
548.652390	-5.592033E-7
548.702425	-7.152603E-7
548.752460	-7.759488E-7
548.802495	-3.467929E-7
548.852530	-1.950710E-7
548.902565	3.901418E-8
548.952600	-1.300480E-8
549.002635	-3.944768E-7
549.052670	-4.638356E-7
549.102705	-4.118164E-7
549.152740	-3.771375E-7
549.202775	-1.473871E-7
549.252810	-3.467933E-8
549.302845	1.040379E-7
549.352880	3.467927E-8
549.402915	-1.300474E-7
549.452950	-2.600945E-7
549.502985	-4.508304E-7
549.553020	-5.331939E-7
549.603055	-5.071845E-7
549.653090	-4.031466E-7
549.703126	-1.820663E-7
549.753161	-5.201893E-8
549.803196	-1.127076E-7
549.853231	-1.430521E-7
549.903266	-3.207832E-7
549.953301	-3.944769E-7
550.003336	-3.901417E-7
550.053371	-5.722082E-7
550.103406	-4.204863E-7
550.153441	-2.080758E-7
550.203476	-3.034435E-8
550.253511	6.068887E-8
550.303546	1.127078E-7
550.353581	-2.470897E-7
550.403616	-2.297503E-7
550.453651	-4.378260E-7
550.503686	-3.858073E-7
550.553721	-4.941796E-7
550.603756	-1.777314E-7
550.653791	1.300475E-8
550.703826	-6.502367E-8
550.753861	4.334982E-9
550.803896	-2.514249E-7
550.853931	-3.381231E-7
550.903966	-4.464960E-7
550.954001	-6.242266E-7
551.004036	-3.467929E-7
551.054071	-1.733965E-7
551.104106	-1.430520E-7
551.154141	-1.083727E-7
551.204176	-1.127077E-7
551.254211	-1.690616E-7
551.304246	-4.855101E-7
551.354281	-4.291561E-7
551.404316	-3.424579E-7
551.454351	-1.820664E-7
551.504386	-7.369347E-8
551.554421	-1.820662E-7
551.604456	-9.970291E-8
551.654491	-1.213775E-7
551.704527	-2.600946E-7
551.754562	-3.337881E-7
551.804597	-3.164486E-7
551.854632	-3.381229E-7
551.904667	-3.077786E-7
551.954702	-1.473869E-7
552.004737	-3.251178E-7
552.054772	-2.340851E-7
552.104807	-3.294533E-7
552.154842	-2.644296E-7
552.204877	-2.730991E-7
552.254912	-2.644293E-7
552.304947	-4.941800E-7
552.354982	-4.031464E-7
552.405017	-4.334907E-7
552.455052	-2.730995E-7
552.505087	-2.644293E-7
552.555122	-1.213776E-7
552.605157	-2.514247E-7
552.655192	-1.994059E-7
552.705227	-2.557599E-7
552.755262	-3.164484E-7
552.805297	-4.074817E-7
552.855332	-3.597975E-7
552.905367	-1.517220E-7
552.955402	-1.777312E-7
553.005437	-1.040379E-7
553.055472	-2.254153E-7
553.105507	-1.647267E-7
553.155542	-3.424577E-7
553.205577	-4.595004E-7
553.255612	-4.031466E-7
553.305647	-2.514247E-7
553.355682	-3.467928E-7
553.405717	-1.560568E-7
553.455752	-1.083728E-7
553.505787	-5.201895E-8
553.555822	-1.994060E-7
553.605857	-2.384203E-7
553.655892	-2.514249E-7
553.705927	-2.037410E-7
553.755963	-3.771371E-7
553.805998	-1.560568E-7
553.856033	-2.817694E-7
553.906068	-1.343822E-7
553.956103	-1.473868E-7
554.006138	-2.384202E-7
554.056173	-2.861040E-7
554.106208	-4.161515E-7
554.156243	-3.944769E-7
554.206278	-3.121136E-7
554.256313	-3.554624E-7
554.306348	-1.387170E-7
554.356383	-2.210804E-7
554.406418	-3.467927E-7
554.456453	-1.300474E-7
554.506488	-2.514248E-7
554.556523	-3.771371E-7
554.606558	-2.947738E-7
554.656593	-1.343823E-7
554.706628	-1.907361E-7
554.756663	-2.557596E-7
554.806698	-2.037409E-7
554.856733	-2.124107E-7
554.906768	-2.297506E-7
554.956803	-2.124107E-7
555.006838	-1.170426E-7
555.056873	-3.294533E-7
555.106908	-4.248211E-7
555.156943	-2.947737E-7
555.206978	-1.864013E-7
555.257013	-2.427551E-7
555.307048	-2.384201E-7
555.357083	-2.861042E-7
555.407118	-3.077788E-7
555.457153	-3.641324E-7
555.507188	-3.381231E-7
555.557223	-3.034436E-7
555.607258	-2.644297E-7
555.657293	-2.774343E-7
555.707328	-2.254155E-7
555.757363	-3.207833E-7
555.807399	-1.560569E-7
555.857434	-2.687643E-7
555.907469	-2.340852E-7
555.957504	-4.031467E-7
556.007539	-2.124107E-7
