545.500183	2.113991E-6
545.550218	2.129885E-6
545.600254	3.576291E-6
545.650289	4.196193E-6
545.700324	4.545875E-6
545.750359	4.863768E-6
545.800394	4.704821E-6
545.850429	3.814726E-6
545.900464	2.447779E-6
545.950499	1.430521E-7
546.000534	-2.940513E-6
546.050569	-6.230703E-6
546.100604	-1.029973E-5
546.150639	-1.443234E-5
546.200674	-1.842190E-5
546.250709	-2.408040E-5
546.300744	-3.180527E-5
546.350779	-4.307453E-5
546.400814	-5.896910E-5
546.450849	-8.363769E-5
546.500884	-0.000115
546.550919	-0.000157
546.600954	-0.000212
546.650989	-0.000283
546.701024	-0.000364
546.751059	-0.000454
546.801094	-0.000543
546.851129	-0.000607
546.901164	-0.000621
546.951199	-0.000549
547.001234	-0.000365
547.051269	-1.705497E-5
547.101304	0.000493
547.151339	0.001106
547.201374	0.001759
547.251409	0.002254
547.301444	0.002464
547.351479	0.002240
547.401514	0.001510
547.451549	0.000434
547.501584	-0.000779
547.551619	-0.001817
547.601654	-0.002323
547.651690	-0.002219
547.701725	-0.001604
547.751760	-0.000785
547.801795	-7.155777E-5
547.851830	0.000306
547.901865	0.000307
547.951900	7.208233E-5
548.001935	-0.000183
548.051970	-0.000291
548.102005	-0.000172
548.152040	0.000113
548.202075	0.000408
548.252110	0.000579
548.302145	0.000556
548.352180	0.000359
548.402215	6.488203E-5
548.452250	-0.000145
548.502285	-0.000230
548.552320	-0.000163
548.602355	-1.756360E-5
548.652390	0.000127
548.702425	0.000185
548.752460	0.000150
548.802495	5.437557E-5
548.852530	-3.441198E-5
548.902565	-7.815407E-5
548.952600	-5.825385E-5
549.002635	-1.525887E-6
549.052670	4.677795E-5
549.102705	5.610808E-5
549.152740	2.280883E-5
549.202775	-2.717983E-5
549.252810	-6.930079E-5
549.302845	-7.405329E-5
549.352880	-4.563354E-5
549.402915	-4.784293E-6
549.452950	2.155316E-5
549.502985	2.099686E-5
549.553020	-5.722082E-7
549.603055	-2.784741E-5
549.653090	-4.042015E-5
549.703126	-2.841961E-5
549.753161	-9.536799E-7
549.803196	2.932562E-5
549.853231	4.541102E-5
549.903266	4.434609E-5
549.953301	2.985014E-5
550.003336	1.082427E-5
550.053371	-3.099458E-6
550.103406	-8.440075E-6
550.153441	-7.200279E-6
550.203476	-4.545875E-6
550.253511	-4.084929E-6
550.303546	-6.103544E-6
550.353581	-9.950055E-6
550.403616	-1.269983E-5
550.453651	-1.346275E-5
550.503686	-1.249318E-5
550.553721	-1.133288E-5
550.603756	-9.663952E-6
550.653791	-8.837441E-6
550.703826	-9.361959E-6
550.753861	-1.072890E-5
550.803896	-1.193689E-5
550.853931	-1.117395E-5
550.903966	-8.233447E-6
550.954001	-2.352411E-6
551.004036	5.547236E-6
551.054071	1.260445E-5
551.104106	1.660997E-5
551.154141	1.703909E-5
551.204176	1.371709E-5
551.254211	8.614917E-6
551.304246	3.131246E-6
551.354281	-2.447779E-6
551.404316	-7.947339E-6
551.454351	-1.317665E-5
551.504386	-1.699141E-5
551.554421	-1.805633E-5
551.604456	-1.579931E-5
551.654491	-9.918263E-6
551.704527	-3.290191E-6
551.754562	1.811992E-6
551.804597	2.670304E-6
551.854632	1.112629E-7
551.904667	-3.751138E-6
551.954702	-6.198910E-6
552.004737	-4.657137E-6
552.054772	7.629447E-7
552.104807	7.200275E-6
552.154842	1.254085E-5
552.204877	1.454360E-5
552.254912	1.228655E-5
552.304947	7.820185E-6
552.354982	3.163035E-6
552.405017	9.377868E-7
552.455052	6.357867E-8
552.505087	6.357900E-8
552.555122	-1.573572E-6
552.605157	-4.514085E-6
552.655192	-8.265237E-6
552.705227	-1.103089E-5
552.755262	-1.091962E-5
552.805297	-8.042711E-6
552.855332	-3.004087E-6
552.905367	1.033154E-6
552.955402	3.004089E-6
553.005437	2.177569E-6
553.055472	-9.536803E-7
553.105507	-2.686199E-6
553.155542	-2.574933E-6
553.205577	5.881029E-7
553.255612	5.277028E-6
553.305647	9.346065E-6
553.355682	1.101498E-5
553.405717	9.711636E-6
553.455752	6.230701E-6
553.505787	1.970939E-6
553.555822	-1.446415E-6
553.605857	-3.449133E-6
553.655892	-4.625348E-6
553.705927	-5.674393E-6
553.755963	-6.961854E-6
553.805998	-7.995027E-6
553.856033	-8.519551E-6
553.906068	-7.422802E-6
553.956103	-5.229345E-6
554.006138	-3.115350E-6
554.056173	-1.525888E-6
554.106208	-1.176205E-6
554.156243	-1.525888E-6
554.206278	-2.765672E-6
554.256313	-3.274295E-6
554.306348	-2.972301E-6
554.356383	-1.796097E-6
554.406418	-3.814725E-7
554.456453	8.265241E-7
554.506488	9.377859E-7
554.556523	4.132621E-7
554.606558	3.178937E-7
554.656593	4.450513E-7
554.706628	2.018623E-6
554.756663	3.401458E-6
554.806698	4.005459E-6
554.856733	2.702093E-6
554.906768	1.589467E-8
554.956803	-3.719351E-6
555.006838	-5.928705E-6
555.056873	-6.294278E-6
555.106908	-4.212087E-6
555.156943	-1.351047E-6
555.206978	9.059974E-7
555.257013	1.732519E-6
555.307048	9.218916E-7
555.357083	-7.311539E-7
555.407118	-1.144416E-6
555.457153	-3.655771E-7
555.507188	7.152607E-7
555.557223	1.637151E-6
555.607258	1.049049E-6
555.657293	-7.152607E-7
555.707328	-1.955044E-6
555.757363	-2.241148E-6
555.807399	-1.112627E-6
555.857434	1.160311E-6
555.907469	2.590831E-6
555.957504	3.178930E-6
556.007539	2.670304E-6
