545.500183	1.923255E-6
545.550218	2.113991E-6
545.600254	3.655770E-6
545.650289	4.053142E-6
545.700324	4.990925E-6
545.750359	5.118083E-6
545.800394	5.102188E-6
545.850429	4.212088E-6
545.900464	2.638515E-6
545.950499	4.132614E-7
546.000534	-2.781567E-6
546.050569	-6.119437E-6
546.100604	-1.072889E-5
546.150639	-1.455949E-5
546.200674	-1.875571E-5
546.250709	-2.388967E-5
546.300744	-3.161453E-5
546.350779	-4.196190E-5
546.400814	-5.798363E-5
546.450849	-8.115816E-5
546.500884	-0.000111
546.550919	-0.000151
546.600954	-0.000206
546.650989	-0.000277
546.701024	-0.000355
546.751059	-0.000444
546.801094	-0.000534
546.851129	-0.000601
546.901164	-0.000622
546.951199	-0.000558
547.001234	-0.000386
547.051269	-4.844691E-5
547.101304	0.000446
547.151339	0.001050
547.201374	0.001708
547.251409	0.002203
547.301444	0.002450
547.351479	0.002276
547.401514	0.001594
547.451549	0.000553
547.501584	-0.000655
547.551619	-0.001730
547.601654	-0.002275
547.651690	-0.002230
547.701725	-0.001664
547.751760	-0.000859
547.801795	-0.000113
547.851830	0.000282
547.901865	0.000307
547.951900	8.091973E-5
548.001935	-0.000174
548.051970	-0.000296
548.102005	-0.000197
548.152040	8.208002E-5
548.202075	0.000387
548.252110	0.000576
548.302145	0.000561
548.352180	0.000385
548.402215	9.784753E-5
548.452250	-0.000127
548.502285	-0.000225
548.552320	-0.000173
548.602355	-3.323573E-5
548.652390	0.000116
548.702425	0.000184
548.752460	0.000160
548.802495	6.718682E-5
548.852530	-2.242735E-5
548.902565	-7.675536E-5
548.952600	-6.402379E-5
549.002635	-1.179384E-5
549.052670	3.994329E-5
549.102705	5.232516E-5
549.152740	2.574932E-5
549.202775	-2.145780E-5
549.252810	-6.330852E-5
549.302845	-7.090615E-5
549.352880	-4.620575E-5
549.402915	-5.277027E-6
549.452950	2.123528E-5
549.502985	2.160085E-5
549.553020	-1.430519E-7
549.603055	-2.752951E-5
549.653090	-4.204137E-5
549.703126	-3.196422E-5
549.753161	-3.544508E-6
549.803196	2.760899E-5
549.853231	4.652367E-5
549.903266	4.630112E-5
549.953301	3.134431E-5
550.003336	1.192100E-5
550.053371	-2.988195E-6
550.103406	-8.916915E-6
550.153441	-7.899655E-6
550.203476	-4.800189E-6
550.253511	-3.337875E-6
550.303546	-5.102188E-6
550.353581	-8.455970E-6
550.403616	-1.141238E-5
550.453651	-1.244552E-5
550.503686	-1.147595E-5
550.553721	-1.014082E-5
550.603756	-8.901017E-6
550.653791	-8.869230E-6
550.703826	-1.045871E-5
550.753861	-1.297001E-5
550.803896	-1.471847E-5
550.853931	-1.443235E-5
550.903966	-1.126931E-5
550.954001	-4.227980E-6
551.004036	4.657138E-6
551.054071	1.293823E-5
551.104106	1.848551E-5
551.154141	2.001137E-5
551.204176	1.726163E-5
551.254211	1.134877E-5
551.304246	4.879660E-6
551.354281	-2.590831E-6
551.404316	-9.282488E-6
551.454351	-1.592645E-5
551.504386	-1.967758E-5
551.554421	-1.991601E-5
551.604456	-1.632385E-5
551.654491	-9.123539E-6
551.704527	-1.668940E-6
551.754562	3.544510E-6
551.804597	4.355139E-6
551.854632	1.144417E-6
551.904667	-3.751143E-6
551.954702	-6.914173E-6
552.004737	-5.753866E-6
552.054772	-7.947335E-7
552.104807	6.755223E-6
552.154842	1.265213E-5
552.204877	1.540192E-5
552.254912	1.303362E-5
552.304947	8.487762E-6
552.354982	3.290192E-6
552.405017	3.973665E-7
552.455052	-2.702090E-7
552.505087	-1.271575E-7
552.555122	-1.541783E-6
552.605157	-4.752505E-6
552.655192	-8.757969E-6
552.705227	-1.215943E-5
552.755262	-1.236605E-5
552.805297	-8.281131E-6
552.855332	-2.447778E-6
552.905367	2.940513E-6
552.955402	5.658498E-6
553.005437	4.005455E-6
553.055472	6.039981E-7
553.105507	-3.910085E-6
553.155542	-4.577664E-6
553.205577	-1.557677E-6
553.255612	3.369669E-6
553.305647	9.059965E-6
553.355682	1.168260E-5
553.405717	1.126931E-5
553.455752	7.470495E-6
553.505787	3.019985E-6
553.555822	-9.536807E-7
553.605857	-3.337871E-6
553.655892	-5.245240E-6
553.705927	-6.373751E-6
553.755963	-8.058606E-6
553.805998	-8.789757E-6
553.856033	-8.726179E-6
553.906068	-7.470489E-6
553.956103	-4.927347E-6
554.006138	-2.209359E-6
554.056173	-5.563135E-7
554.106208	-5.404189E-7
554.156243	-1.414625E-6
554.206278	-2.924616E-6
554.256313	-3.782928E-6
554.306348	-3.878296E-6
554.356383	-2.543147E-6
554.406418	-1.064943E-6
554.456453	3.496828E-7
554.506488	6.516812E-7
554.556523	3.019991E-7
554.606558	6.357867E-8
554.656593	7.470504E-7
554.706628	2.447779E-6
554.756663	4.212087E-6
554.806698	5.149869E-6
554.856733	3.957770E-6
554.906768	4.450511E-7
554.956803	-4.227981E-6
555.006838	-6.945959E-6
555.056873	-7.581758E-6
555.106908	-5.372397E-6
555.156943	-1.716624E-6
555.206978	1.112627E-6
555.257013	2.495463E-6
555.307048	1.414626E-6
555.357083	-7.947333E-8
555.407118	-1.033154E-6
555.457153	-7.470491E-7
555.507188	5.086295E-7
555.557223	1.351047E-6
555.607258	7.629453E-7
555.657293	-9.377858E-7
555.707328	-2.606725E-6
555.757363	-2.511357E-6
555.807399	-1.176206E-6
555.857434	1.700729E-6
555.907469	3.941876E-6
555.957504	4.831979E-6
556.007539	3.465044E-6
