545.500183	-8.100862E-8
545.550218	-1.373623E-7
545.600254	-2.270408E-7
545.650289	-9.834818E-8
545.700324	-8.669820E-8
545.750359	-1.373624E-7
545.800394	-2.978894E-7
545.850429	-2.103784E-7
545.900464	-2.484444E-7
545.950499	-2.300210E-7
546.000534	-1.510445E-7
546.050569	-9.929650E-8
546.100604	-1.392589E-7
546.150639	-1.354658E-7
546.200674	-1.570049E-7
546.250709	-1.465741E-7
546.300744	-2.019796E-7
546.350779	-1.053924E-7
546.400814	-2.896260E-7
546.450849	-5.703107E-8
546.500884	1.964251E-8
546.550919	-1.788153E-8
546.600954	1.816597E-7
546.650989	4.978372E-7
546.701024	3.784917E-7
546.751059	7.289417E-7
546.801094	7.781157E-7
546.851129	1.201718E-6
546.901164	1.387170E-6
546.951199	9.758959E-7
547.001234	7.301608E-7
547.051269	-9.116857E-8
547.101304	-9.478550E-7
547.151339	-2.076151E-6
547.201374	-3.531865E-6
547.251409	-5.133071E-6
547.301444	-5.923512E-6
547.351479	-5.378403E-6
547.401514	-4.119656E-6
547.451549	-1.474952E-6
547.501584	1.213097E-6
547.551619	4.125071E-6
547.601654	5.724784E-6
547.651690	5.439901E-6
547.701725	4.559649E-6
547.751760	2.311590E-6
547.801795	2.577914E-7
547.851830	-9.761675E-7
547.901865	-1.367256E-6
547.951900	-1.328785E-6
548.001935	-1.347885E-7
548.051970	1.136561E-7
548.102005	3.914960E-8
548.152040	-5.482301E-7
548.202075	-1.068556E-6
548.252110	-1.471295E-6
548.302145	-1.305891E-6
548.352180	-8.451715E-7
548.402215	-2.233831E-7
548.452250	1.773249E-7
548.502285	3.631840E-7
548.552320	3.367683E-7
548.602355	2.993806E-8
548.652390	-3.447605E-7
548.702425	-5.299423E-7
548.752460	-4.781945E-7
548.802495	-4.020626E-7
548.852530	-2.023861E-7
548.902565	7.247416E-8
548.952600	3.589849E-8
549.002635	-9.306509E-8
549.052670	-2.596881E-7
549.102705	-3.470636E-7
549.152740	-3.835036E-7
549.202775	-2.351687E-7
549.252810	-1.314019E-8
549.302845	1.030895E-7
549.352880	2.014377E-7
549.402915	-8.642721E-8
549.452950	-2.656487E-7
549.502985	-1.762410E-7
549.553020	-2.045533E-7
549.603055	-4.670863E-7
549.653090	-3.052045E-7
549.703126	-1.109465E-7
549.753161	5.107062E-8
549.803196	-9.157499E-8
549.853231	-1.411554E-7
549.903266	-2.023859E-7
549.953301	-1.804405E-7
550.003336	-3.923091E-7
550.053371	-4.372838E-7
550.103406	-3.008698E-7
550.153441	-3.671136E-8
550.203476	5.012249E-9
550.253511	1.150105E-7
550.303546	1.013284E-7
550.353581	-3.224092E-8
550.403616	-1.664876E-7
550.453651	-3.249827E-7
550.503686	-3.557334E-7
550.553721	-2.844784E-7
550.603756	-2.470898E-7
550.653791	-4.240083E-8
550.703826	1.133850E-7
550.753861	5.716657E-8
550.803896	-1.286921E-8
550.853931	-2.208094E-7
550.903966	-3.828266E-7
550.954001	-3.589844E-7
551.004036	-2.623974E-7
551.054071	-1.548375E-7
551.104106	5.418641E-8
551.154141	3.386649E-8
551.204176	-1.095919E-7
551.254211	-1.373624E-7
551.304246	-1.775958E-7
551.354281	-2.298856E-7
551.404316	-3.164484E-7
551.454351	-1.293698E-7
551.504386	-2.645649E-7
551.554421	-1.468449E-7
551.604456	-1.286927E-8
551.654491	3.305362E-8
551.704527	-1.625500E-9
551.754562	-1.895166E-7
551.804597	-3.142810E-7
551.854632	-2.607719E-7
551.904667	-1.312664E-7
551.954702	-1.725835E-7
552.004737	-1.526700E-7
552.054772	-5.892767E-8
552.104807	-8.507255E-8
552.154842	-2.703900E-7
552.204877	-2.577916E-7
552.254912	-1.660812E-7
552.304947	-3.248471E-7
552.354982	-3.176673E-7
552.405017	-4.145253E-8
552.455052	-2.848844E-7
552.505087	5.527009E-8
552.555122	-5.012235E-8
552.605157	-1.400717E-7
552.655192	-1.132495E-7
552.705227	-2.405874E-7
552.755262	-1.636427E-7
552.805297	-2.781114E-7
552.855332	-2.015732E-7
552.905367	-1.693322E-7
552.955402	-2.164743E-7
553.005437	-3.169895E-8
553.055472	-1.895167E-7
553.105507	-9.157498E-8
553.155542	-2.348979E-7
553.205577	-2.968056E-7
553.255612	-3.396130E-7
553.305647	-1.785440E-7
553.355682	-2.554886E-7
553.405717	-9.685809E-8
553.455752	-1.055279E-7
553.505787	-1.505026E-7
553.555822	-7.911199E-8
553.605857	-9.509705E-8
553.655892	-1.490124E-7
553.705927	-1.118948E-7
553.755963	-1.513153E-7
553.805998	-5.811483E-8
553.856033	-1.334338E-7
553.906068	-9.929649E-8
553.956103	-8.141492E-8
554.006138	-8.656263E-8
554.056173	-1.916842E-7
554.106208	-3.268791E-7
554.156243	-2.214867E-7
554.206278	-3.234925E-7
554.256313	-1.530764E-7
554.306348	-1.393943E-7
554.356383	-1.154169E-7
554.406418	-1.609334E-7
554.456453	-8.696908E-8
554.506488	-2.533212E-7
554.556523	-2.544050E-7
554.606558	-1.671648E-7
554.656593	-2.204029E-7
554.706628	-2.106495E-7
554.756663	-2.091593E-7
554.806698	-1.479287E-7
554.856733	-1.276089E-7
554.906768	-3.874325E-8
554.956803	-7.775739E-8
555.006838	-1.564631E-7
555.056873	-1.816597E-7
555.106908	-1.893813E-7
555.156943	-1.816597E-7
555.206978	-1.971028E-7
555.257013	-2.201321E-7
555.307048	-9.184580E-8
555.357083	-1.601207E-7
555.407118	-1.919552E-7
555.457153	-2.153908E-7
555.507188	-2.581980E-7
555.557223	-1.471160E-7
555.607258	-2.504764E-7
555.657293	-8.425984E-8
555.707328	-1.834207E-7
555.757363	-8.493708E-8
555.807399	-9.712903E-8
555.857434	-2.220286E-7
555.907469	-1.979157E-7
555.957504	-1.183971E-7
556.007539	-2.306982E-7
