545.500183	2.368305E-6
545.550218	2.447779E-6
545.600254	3.735250E-6
545.650289	4.402823E-6
545.700324	4.561769E-6
545.750359	4.752505E-6
545.800394	4.498191E-6
545.850429	3.687562E-6
545.900464	2.257043E-6
545.950499	3.337885E-7
546.000534	-2.686199E-6
546.050569	-6.087649E-6
546.100604	-9.854672E-6
546.150639	-1.379654E-5
546.200674	-1.802454E-5
546.250709	-2.352409E-5
546.300744	-3.126486E-5
546.350779	-4.227979E-5
546.400814	-5.876247E-5
546.450849	-8.257276E-5
546.500884	-0.000112
546.550919	-0.000154
546.600954	-0.000209
546.650989	-0.000279
546.701024	-0.000358
546.751059	-0.000445
546.801094	-0.000538
546.851129	-0.000604
546.901164	-0.000625
546.951199	-0.000569
547.001234	-0.000394
547.051269	-5.914405E-5
547.101304	0.000434
547.151339	0.001054
547.201374	0.001713
547.251409	0.002214
547.301444	0.002473
547.351479	0.002309
547.401514	0.001628
547.451549	0.000552
547.501584	-0.000662
547.551619	-0.001774
547.601654	-0.002307
547.651690	-0.002271
547.701725	-0.001693
547.751760	-0.000880
547.801795	-0.000125
547.851830	0.000286
547.901865	0.000315
547.951900	8.748416E-5
548.001935	-0.000167
548.051970	-0.000293
548.102005	-0.000193
548.152040	8.913719E-5
548.202075	0.000383
548.252110	0.000572
548.302145	0.000561
548.352180	0.000380
548.402215	9.411227E-5
548.452250	-0.000124
548.502285	-0.000226
548.552320	-0.000172
548.602355	-3.217081E-5
548.652390	0.000116
548.702425	0.000184
548.752460	0.000158
548.802495	6.690072E-5
548.852530	-2.431882E-5
548.902565	-7.573809E-5
548.952600	-6.071760E-5
549.002635	-7.724804E-6
549.052670	4.393283E-5
549.102705	5.704584E-5
549.152740	2.646458E-5
549.202775	-2.293598E-5
549.252810	-6.702787E-5
549.302845	-7.596062E-5
549.352880	-4.930519E-5
549.402915	-8.169857E-6
549.452950	2.042466E-5
549.502985	2.257041E-5
549.553020	1.621256E-6
549.603055	-2.571753E-5
549.653090	-4.021351E-5
549.703126	-3.074031E-5
549.753161	-4.132611E-6
549.803196	2.708447E-5
549.853231	4.439376E-5
549.903266	4.541105E-5
549.953301	3.132841E-5
550.003336	1.257267E-5
550.053371	-1.811992E-6
550.103406	-7.883765E-6
550.153441	-7.486383E-6
550.203476	-4.784295E-6
550.253511	-4.371033E-6
550.303546	-6.437330E-6
550.353581	-9.902368E-6
550.403616	-1.279520E-5
550.453651	-1.381244E-5
550.503686	-1.300182E-5
550.553721	-1.144418E-5
550.603756	-9.886477E-6
550.653791	-8.996385E-6
550.703826	-9.361959E-6
550.753861	-1.034742E-5
550.803896	-1.103088E-5
550.853931	-1.063354E-5
550.903966	-7.915550E-6
550.954001	-2.098096E-6
551.004036	5.133977E-6
551.054071	1.176207E-5
551.104106	1.597417E-5
551.154141	1.641922E-5
551.204176	1.387601E-5
551.254211	8.503657E-6
551.304246	3.401456E-6
551.354281	-1.716624E-6
551.404316	-7.089015E-6
551.454351	-1.233423E-5
551.504386	-1.651457E-5
551.554421	-1.826296E-5
551.604456	-1.595827E-5
551.654491	-1.055405E-5
551.704527	-4.243876E-6
551.754562	8.424186E-7
551.804597	2.527252E-6
551.854632	2.384203E-7
551.904667	-3.258399E-6
551.954702	-5.610815E-6
552.004737	-4.243878E-6
552.054772	2.702095E-7
552.104807	6.818802E-6
552.154842	1.225478E-5
552.204877	1.451181E-5
552.254912	1.252497E-5
552.304947	8.153974E-6
552.354982	3.798825E-6
552.405017	1.223890E-6
552.455052	3.496832E-7
552.505087	-1.589469E-7
552.555122	-1.144416E-6
552.605157	-4.005459E-6
552.655192	-7.867870E-6
552.705227	-1.093552E-5
552.755262	-1.118983E-5
552.805297	-8.217553E-6
552.855332	-3.719351E-6
552.905367	5.722085E-7
552.955402	2.670304E-6
553.005437	2.098096E-6
553.055472	-1.589466E-7
553.105507	-2.606725E-6
553.155542	-2.543147E-6
553.205577	1.112629E-7
553.255612	4.736611E-6
553.305647	9.028175E-6
553.355682	1.091962E-5
553.405717	9.950059E-6
553.455752	6.532698E-6
553.505787	2.177569E-6
553.555822	-1.112627E-6
553.605857	-3.210717E-6
553.655892	-4.545875E-6
553.705927	-5.722078E-6
553.755963	-6.914170E-6
553.805998	-8.090395E-6
553.856033	-8.328815E-6
553.906068	-7.438698E-6
553.956103	-5.769761E-6
554.006138	-3.242507E-6
554.056173	-1.684835E-6
554.106208	-1.207995E-6
554.156243	-1.621256E-6
554.206278	-2.876935E-6
554.256313	-3.258400E-6
554.306348	-2.924619E-6
554.356383	-1.732519E-6
554.406418	-4.768400E-7
554.456453	7.947333E-7
554.506488	7.152607E-7
554.556523	3.019985E-7
554.606558	1.589467E-8
554.656593	6.198927E-7
554.706628	1.907360E-6
554.756663	3.321989E-6
554.806698	4.021353E-6
554.856733	3.035879E-6
554.906768	4.132619E-7
554.956803	-3.210719E-6
555.006838	-5.960493E-6
555.056873	-6.357857E-6
555.106908	-4.609453E-6
555.156943	-1.525888E-6
555.206978	7.788388E-7
555.257013	1.843781E-6
555.307048	9.218916E-7
555.357083	-4.450514E-7
555.407118	-1.239784E-6
555.457153	-7.947337E-7
555.507188	5.404191E-7
555.557223	1.287468E-6
555.607258	8.583131E-7
555.657293	-5.722083E-7
555.707328	-1.764308E-6
555.757363	-2.257043E-6
555.807399	-1.223889E-6
555.857434	6.834713E-7
555.907469	2.733883E-6
555.957504	3.353771E-6
556.007539	2.876935E-6
