545.500183	1.986821E-6
545.505343	1.986821E-6
545.510502	2.145767E-6
545.515661	2.145767E-6
545.520820	2.145767E-6
545.525980	2.145767E-6
545.531139	2.384186E-6
545.536298	2.543132E-6
545.541457	2.622604E-6
545.546616	2.622604E-6
545.551776	2.861023E-6
545.556935	3.019969E-6
545.562094	3.099442E-6
545.567253	3.099442E-6
545.572413	3.178914E-6
545.577572	3.178914E-6
545.582731	3.258387E-6
545.587890	3.178914E-6
545.593049	3.178914E-6
545.598209	3.178914E-6
545.603368	3.178914E-6
545.608527	3.258387E-6
545.613686	3.337860E-6
545.618846	3.337860E-6
545.624005	3.496806E-6
545.629164	3.655752E-6
545.634323	3.655752E-6
545.639482	3.735224E-6
545.644642	3.973643E-6
545.649801	4.053116E-6
545.654960	4.212062E-6
545.660119	4.291534E-6
545.665279	4.291534E-6
545.670438	4.371007E-6
545.675597	4.450480E-6
545.680756	4.371007E-6
545.685915	4.371007E-6
545.691075	4.371007E-6
545.696234	4.450480E-6
545.701393	4.450480E-6
545.706552	4.450480E-6
545.711712	4.450480E-6
545.716871	4.371007E-6
545.722030	4.371007E-6
545.727189	4.371007E-6
545.732348	4.371007E-6
545.737508	4.371007E-6
545.742667	4.371007E-6
545.747826	4.371007E-6
545.752985	4.371007E-6
545.758145	4.371007E-6
545.763304	4.371007E-6
545.768463	4.450480E-6
545.773622	4.529953E-6
545.778781	4.529953E-6
545.783941	4.529953E-6
545.789100	4.529953E-6
545.794259	4.529953E-6
545.799418	4.450480E-6
545.804578	4.450480E-6
545.809737	4.529953E-6
545.814896	4.529953E-6
545.820055	4.529953E-6
545.825214	4.529953E-6
545.830374	4.450480E-6
545.835533	4.371007E-6
545.840692	4.291534E-6
545.845851	4.212062E-6
545.851011	4.212062E-6
545.856170	4.053116E-6
545.861329	3.973643E-6
545.866488	3.814697E-6
545.871647	3.735224E-6
545.876807	3.576279E-6
545.881966	3.576279E-6
545.887125	3.337860E-6
545.892284	3.178914E-6
545.897444	3.099442E-6
545.902603	3.019969E-6
545.907762	2.861023E-6
545.912921	2.781550E-6
545.918080	2.702077E-6
545.923240	2.463659E-6
545.928399	2.304713E-6
545.933558	2.145767E-6
545.938717	1.907349E-6
545.943877	1.589457E-6
545.949036	1.430511E-6
545.954195	1.192093E-6
545.959354	1.033147E-6
545.964513	7.947286E-7
545.969673	6.357829E-7
545.974832	3.973643E-7
545.979991	1.589457E-7
545.985150	-1.589457E-7
545.990310	-4.768372E-7
545.995469	-7.152557E-7
546.000628	-1.033147E-6
546.005787	-1.271566E-6
546.010946	-1.589457E-6
546.016106	-1.827876E-6
546.021265	-2.304713E-6
546.026424	-2.384186E-6
546.031583	-2.861023E-6
546.036743	-3.019969E-6
546.041902	-3.337860E-6
546.047061	-3.814697E-6
546.052220	-4.212062E-6
546.057379	-4.529953E-6
546.062539	-4.847844E-6
546.067698	-5.404154E-6
546.072857	-5.722046E-6
546.078016	-6.039937E-6
546.083176	-6.437302E-6
546.088335	-6.675720E-6
546.093494	-7.152557E-6
546.098653	-7.470449E-6
546.103812	-7.867813E-6
546.108972	-8.185705E-6
546.114131	-8.662542E-6
546.119290	-8.980433E-6
546.124449	-9.457270E-6
546.129608	-9.775162E-6
546.134768	-1.009305E-5
546.139927	-1.056989E-5
546.145086	-1.104673E-5
546.150245	-1.136462E-5
546.155405	-1.176198E-5
546.160564	-1.215935E-5
546.165723	-1.255671E-5
546.170882	-1.295408E-5
546.176041	-1.343091E-5
546.181201	-1.398722E-5
546.186360	-1.438459E-5
546.191519	-1.478195E-5
546.196678	-1.517932E-5
546.201838	-1.573563E-5
546.206997	-1.629194E-5
546.212156	-1.668930E-5
546.217315	-1.708666E-5
546.222474	-1.764297E-5
546.227634	-1.811981E-5
546.232793	-1.859665E-5
546.237952	-1.915296E-5
546.243111	-1.978874E-5
546.248271	-2.026558E-5
546.253430	-2.090136E-5
546.258589	-2.153714E-5
546.263748	-2.217293E-5
546.268907	-2.288818E-5
546.274067	-2.344449E-5
546.279226	-2.415975E-5
546.284385	-2.503395E-5
546.289544	-2.574921E-5
546.294704	-2.654394E-5
546.299863	-2.733866E-5
546.305022	-2.813339E-5
546.310181	-2.892812E-5
546.315340	-2.988180E-5
546.320500	-3.067652E-5
546.325659	-3.155073E-5
546.330818	-3.242493E-5
546.335977	-3.337860E-5
546.341137	-3.449122E-5
546.346296	-3.560384E-5
546.351455	-3.671646E-5
546.356614	-3.790855E-5
546.361773	-3.910065E-5
546.366933	-4.037221E-5
546.372092	-4.172325E-5
546.377251	-4.315376E-5
546.382410	-4.458427E-5
546.387570	-4.609426E-5
546.392729	-4.768372E-5
546.397888	-4.927317E-5
546.403047	-5.094210E-5
546.408206	-5.261103E-5
546.413366	-5.443891E-5
546.418525	-5.634626E-5
546.423684	-5.817413E-5
546.428843	-6.024043E-5
546.434003	-6.238619E-5
546.439162	-6.469091E-5
546.444321	-6.691615E-5
546.449480	-6.922086E-5
546.454639	-7.184347E-5
546.459799	-7.430712E-5
546.464958	-7.700920E-5
546.470117	-7.963181E-5
546.475276	-8.249283E-5
546.480436	-8.535385E-5
546.485595	-8.829435E-5
546.490754	-9.139379E-5
546.495913	-9.449323E-5
546.501072	-9.783109E-5
546.506232	-0.000101
546.511391	-0.000105
546.516550	-0.000108
546.521709	-0.000112
546.526869	-0.000116
546.532028	-0.000120
546.537187	-0.000124
546.542346	-0.000128
546.547505	-0.000132
546.552665	-0.000136
546.557824	-0.000140
546.562983	-0.000145
546.568142	-0.000149
546.573302	-0.000154
546.578461	-0.000159
546.583620	-0.000164
546.588779	-0.000169
546.593938	-0.000174
546.599098	-0.000180
546.604257	-0.000185
546.609416	-0.000191
546.614575	-0.000197
546.619735	-0.000203
546.624894	-0.000209
546.630053	-0.000216
546.635212	-0.000222
546.640371	-0.000229
546.645531	-0.000235
546.650690	-0.000243
546.655849	-0.000250
546.661008	-0.000257
546.666168	-0.000264
546.671327	-0.000272
546.676486	-0.000280
546.681645	-0.000288
546.686804	-0.000295
546.691964	-0.000304
546.697123	-0.000312
546.702282	-0.000321
546.707441	-0.000329
546.712601	-0.000338
546.717760	-0.000347
546.722919	-0.000355
546.728078	-0.000364
546.733237	-0.000373
546.738397	-0.000382
546.743556	-0.000391
546.748715	-0.000400
546.753874	-0.000409
546.759034	-0.000417
546.764193	-0.000426
546.769352	-0.000435
546.774511	-0.000444
546.779670	-0.000454
546.784830	-0.000463
546.789989	-0.000472
546.795148	-0.000482
546.800307	-0.000492
546.805467	-0.000501
546.810626	-0.000511
546.815785	-0.000521
546.820944	-0.000530
546.826103	-0.000539
546.831263	-0.000548
546.836422	-0.000557
546.841581	-0.000565
546.846740	-0.000573
546.851900	-0.000581
546.857059	-0.000588
546.862218	-0.000594
546.867377	-0.000601
546.872536	-0.000606
546.877696	-0.000611
546.882855	-0.000616
546.888014	-0.000620
546.893173	-0.000623
546.898333	-0.000625
546.903492	-0.000627
546.908651	-0.000627
546.913810	-0.000627
546.918969	-0.000626
546.924129	-0.000625
546.929288	-0.000622
546.934447	-0.000619
546.939606	-0.000615
546.944766	-0.000611
546.949925	-0.000605
546.955084	-0.000599
546.960243	-0.000591
546.965402	-0.000582
546.970562	-0.000573
546.975721	-0.000562
546.980880	-0.000550
546.986039	-0.000537
546.991199	-0.000522
546.996358	-0.000506
547.001517	-0.000489
547.006676	-0.000469
547.011835	-0.000449
547.016995	-0.000426
547.022154	-0.000401
547.027313	-0.000375
547.032472	-0.000347
547.037632	-0.000318
547.042791	-0.000287
547.047950	-0.000254
547.053109	-0.000220
547.058268	-0.000184
547.063428	-0.000146
547.068587	-0.000107
547.073746	-6.492933E-5
547.078905	-2.137820E-5
547.084064	2.400080E-5
547.089224	7.136663E-5
547.094383	0.000120
547.099542	0.000171
547.104701	0.000224
547.109861	0.000278
547.115020	0.000334
547.120179	0.000391
547.125338	0.000449
547.130497	0.000508
547.135657	0.000568
547.140816	0.000631
547.145975	0.000693
547.151134	0.000756
547.156294	0.000820
547.161453	0.000886
547.166612	0.000953
547.171771	0.001021
547.176930	0.001090
547.182090	0.001160
547.187249	0.001229
547.192408	0.001299
547.197567	0.001368
547.202727	0.001436
547.207886	0.001503
547.213045	0.001570
547.218204	0.001635
547.223363	0.001699
547.228523	0.001761
547.233682	0.001822
547.238841	0.001880
547.244000	0.001935
547.249160	0.001989
547.254319	0.002040
547.259478	0.002089
547.264637	0.002136
547.269796	0.002179
547.274956	0.002220
547.280115	0.002259
547.285274	0.002294
547.290433	0.002326
547.295593	0.002356
547.300752	0.002382
547.305911	0.002405
547.311070	0.002425
547.316229	0.002440
547.321389	0.002452
547.326548	0.002460
547.331707	0.002464
547.336866	0.002463
547.342026	0.002457
547.347185	0.002445
547.352344	0.002429
547.357503	0.002407
547.362662	0.002380
547.367822	0.002348
547.372981	0.002310
547.378140	0.002266
547.383299	0.002218
547.388459	0.002163
547.393618	0.002104
547.398777	0.002039
547.403936	0.001969
547.409095	0.001895
547.414255	0.001815
547.419414	0.001731
547.424573	0.001643
547.429732	0.001550
547.434892	0.001454
547.440051	0.001353
547.445210	0.001249
547.450369	0.001142
547.455528	0.001032
547.460688	0.000919
547.465847	0.000805
547.471006	0.000689
547.476165	0.000572
547.481325	0.000453
547.486484	0.000332
547.491643	0.000210
547.496802	8.567174E-5
547.501961	-4.013379E-5
547.507121	-0.000167
547.512280	-0.000294
547.517439	-0.000422
547.522598	-0.000549
547.527758	-0.000675
547.532917	-0.000800
547.538076	-0.000923
547.543235	-0.001044
547.548394	-0.001161
547.553554	-0.001274
547.558713	-0.001382
547.563872	-0.001484
547.569031	-0.001581
547.574191	-0.001672
547.579350	-0.001757
547.584509	-0.001836
547.589668	-0.001909
547.594827	-0.001977
547.599987	-0.002038
547.605146	-0.002094
547.610305	-0.002143
547.615464	-0.002187
547.620624	-0.002225
547.625783	-0.002256
547.630942	-0.002280
547.636101	-0.002299
547.641260	-0.002310
547.646420	-0.002316
547.651579	-0.002314
547.656738	-0.002307
547.661897	-0.002294
547.667057	-0.002274
547.672216	-0.002249
547.677375	-0.002217
547.682534	-0.002180
547.687693	-0.002137
547.692853	-0.002089
547.698012	-0.002036
547.703171	-0.001978
547.708330	-0.001915
547.713490	-0.001849
547.718649	-0.001779
547.723808	-0.001707
547.728967	-0.001631
547.734126	-0.001553
547.739286	-0.001474
547.744445	-0.001392
547.749604	-0.001310
547.754763	-0.001227
547.759923	-0.001139
547.765082	-0.001056
547.770241	-0.000972
547.775400	-0.000890
547.780559	-0.000808
547.785719	-0.000727
547.790878	-0.000648
547.796037	-0.000570
547.801196	-0.000494
547.806356	-0.000420
547.811515	-0.000348
547.816674	-0.000280
547.821833	-0.000214
547.826992	-0.000152
547.832152	-9.266535E-5
547.837311	-3.774961E-5
547.842470	1.327197E-5
547.847629	6.016095E-5
547.852789	0.000103
547.857948	0.000141
547.863107	0.000175
547.868266	0.000205
547.873425	0.000231
547.878585	0.000253
547.883744	0.000270
547.888903	0.000284
547.894062	0.000294
547.899222	0.000301
547.904381	0.000304
547.909540	0.000304
547.914699	0.000300
547.919858	0.000293
547.925018	0.000283
547.930177	0.000270
547.935336	0.000255
547.940495	0.000237
547.945655	0.000217
547.950814	0.000196
547.955973	0.000173
547.961132	0.000148
547.966291	0.000123
547.971451	9.791056E-5
547.976610	7.216136E-5
547.981769	4.601479E-5
547.986928	2.002716E-5
547.992087	-6.119410E-6
547.997247	-3.218651E-5
548.002406	-5.793571E-5
548.007565	-8.304914E-5
548.012724	-0.000108
548.017884	-0.000131
548.023043	-0.000153
548.028202	-0.000174
548.033361	-0.000194
548.038520	-0.000211
548.043680	-0.000227
548.048839	-0.000241
548.053998	-0.000252
548.059157	-0.000261
548.064317	-0.000268
548.069476	-0.000273
548.074635	-0.000275
548.079794	-0.000275
548.084953	-0.000273
548.090113	-0.000269
548.095272	-0.000263
548.100431	-0.000254
548.105590	-0.000242
548.110750	-0.000229
548.115909	-0.000213
548.121068	-0.000196
548.126227	-0.000176
548.131386	-0.000154
548.136546	-0.000131
548.141705	-0.000105
548.146864	-7.875760E-5
548.152023	-5.094210E-5
548.157183	-2.185504E-5
548.162342	8.265177E-6
548.167501	3.886223E-5
548.172660	7.001559E-5
548.177819	0.000101
548.182979	0.000133
548.188138	0.000164
548.193297	0.000195
548.198456	0.000225
548.203616	0.000255
548.208775	0.000284
548.213934	0.000313
548.219093	0.000340
548.224252	0.000367
548.229412	0.000392
548.234571	0.000416
548.239730	0.000440
548.244889	0.000461
548.250049	0.000482
548.255208	0.000501
548.260367	0.000518
548.265526	0.000533
548.270685	0.000546
548.275845	0.000557
548.281004	0.000566
548.286163	0.000572
548.291322	0.000576
548.296482	0.000577
548.301641	0.000577
548.306800	0.000574
548.311959	0.000568
548.317118	0.000561
548.322278	0.000552
548.327437	0.000540
548.332596	0.000527
548.337755	0.000512
548.342915	0.000496
548.348074	0.000477
548.353233	0.000457
548.358392	0.000436
548.363551	0.000413
548.368711	0.000388
548.373870	0.000362
548.379029	0.000336
548.384188	0.000309
548.389348	0.000281
548.394507	0.000254
548.399666	0.000226
548.404825	0.000198
548.409984	0.000170
548.415144	0.000143
548.420303	0.000116
548.425462	8.956591E-5
548.430621	6.389618E-5
548.435781	3.902117E-5
548.440940	1.494090E-5
548.446099	-8.265177E-6
548.451258	-3.043811E-5
548.456417	-5.173683E-5
548.461577	-7.192294E-5
548.466736	-9.115537E-5
548.471895	-0.000109
548.477054	-0.000126
548.482214	-0.000142
548.487373	-0.000156
548.492532	-0.000169
548.497691	-0.000180
548.502850	-0.000191
548.508010	-0.000199
548.513169	-0.000205
548.518328	-0.000210
548.523487	-0.000214
548.528647	-0.000215
548.533806	-0.000215
548.538965	-0.000214
548.544124	-0.000211
548.549283	-0.000206
548.554443	-0.000200
548.559602	-0.000192
548.564761	-0.000184
548.569920	-0.000174
548.575080	-0.000163
548.580239	-0.000151
548.585398	-0.000138
548.590557	-0.000125
548.595716	-0.000111
548.600876	-9.600321E-5
548.606035	-8.082390E-5
548.611194	-6.548564E-5
548.616353	-4.990896E-5
548.621513	-3.409386E-5
548.626672	-1.835823E-5
548.631831	-2.304713E-6
548.636990	1.358986E-5
548.642149	2.932549E-5
548.647309	4.474322E-5
548.652468	6.000201E-5
548.657627	7.446607E-5
548.662786	8.900960E-5
548.667946	0.000102
548.673105	0.000115
548.678264	0.000126
548.683423	0.000137
548.688582	0.000146
548.693742	0.000155
548.698901	0.000163
548.704060	0.000169
548.709219	0.000175
548.714379	0.000180
548.719538	0.000184
548.724697	0.000187
548.729856	0.000189
548.735015	0.000190
548.740175	0.000190
548.745334	0.000189
548.750493	0.000187
548.755652	0.000184
548.760812	0.000180
548.765971	0.000175
548.771130	0.000170
548.776289	0.000163
548.781448	0.000156
548.786608	0.000149
548.791767	0.000140
548.796926	0.000132
548.802085	0.000122
548.807245	0.000113
548.812404	0.000103
548.817563	9.298325E-5
548.822722	8.273125E-5
548.827881	7.232030E-5
548.833041	6.182988E-5
548.838200	5.125999E-5
548.843359	4.076958E-5
548.848518	3.035863E-5
548.853678	2.018611E-5
548.858837	1.001358E-5
548.863996	3.178914E-7
548.869155	-8.980433E-6
548.874314	-1.804034E-5
548.879474	-2.662341E-5
548.884633	-3.496806E-5
548.889792	-4.243851E-5
548.894951	-4.927317E-5
548.900111	-5.539258E-5
548.905270	-6.087621E-5
548.910429	-6.572405E-5
548.915588	-6.977717E-5
548.920747	-7.319450E-5
548.925907	-7.581711E-5
548.931066	-7.796288E-5
548.936225	-7.947286E-5
548.941384	-8.018812E-5
548.946543	-8.042653E-5
548.951703	-8.010864E-5
548.956862	-7.907550E-5
548.962021	-7.748604E-5
548.967180	-7.541974E-5
548.972340	-7.271767E-5
548.977499	-6.953875E-5
548.982658	-6.596247E-5
548.987817	-6.190936E-5
548.992976	-5.753835E-5
548.998136	-5.292892E-5
549.003295	-4.800161E-5
549.008454	-4.283587E-5
549.013613	-3.751119E-5
549.018773	-3.218651E-5
549.023932	-2.662341E-5
549.029091	-2.113978E-5
549.034250	-1.573563E-5
549.039409	-1.049042E-5
549.044569	-5.324682E-6
549.049728	-3.973643E-7
549.054887	4.371007E-6
549.060046	8.821487E-6
549.065206	1.319249E-5
549.070365	1.708666E-5
549.075524	2.066294E-5
549.080683	2.392133E-5
549.085842	2.678235E-5
549.091002	2.932549E-5
549.096161	3.131231E-5
549.101320	3.298124E-5
549.106479	3.409386E-5
549.111639	3.488859E-5
549.116798	3.520648E-5
549.121957	3.504753E-5
549.127116	3.465017E-5
549.132275	3.377597E-5
549.137435	3.258387E-5
549.142594	3.099442E-5
549.147753	2.908707E-5
549.152912	2.694130E-5
549.158072	2.447764E-5
549.163231	2.185504E-5
549.168390	1.899401E-5
549.173549	1.573563E-5
549.178708	1.247724E-5
549.183868	9.059906E-6
549.189027	5.404154E-6
549.194186	1.509984E-6
549.199345	-2.384186E-6
549.204505	-6.596247E-6
549.209664	-1.072884E-5
549.214823	-1.486142E-5
549.219982	-1.899401E-5
549.225141	-2.304713E-5
549.230301	-2.702077E-5
549.235460	-3.075600E-5
549.240619	-3.433228E-5
549.245778	-3.759066E-5
549.250938	-4.076958E-5
549.256097	-4.355113E-5
549.261256	-4.625320E-5
549.266415	-4.863739E-5
549.271574	-5.070368E-5
549.276734	-5.261103E-5
549.281893	-5.396207E-5
549.287052	-5.515416E-5
549.292211	-5.594889E-5
549.297371	-5.650520E-5
549.302530	-5.666415E-5
549.307689	-5.642573E-5
549.312848	-5.602837E-5
549.318007	-5.515416E-5
549.323167	-5.404154E-5
549.328326	-5.245209E-5
549.333485	-5.062421E-5
549.338644	-4.855792E-5
549.343804	-4.617373E-5
549.348963	-4.347165E-5
549.354122	-4.069010E-5
549.359281	-3.751119E-5
549.364440	-3.425280E-5
549.369600	-3.083547E-5
549.374759	-2.733866E-5
549.379918	-2.360344E-5
549.385077	-1.978874E-5
549.390237	-1.589457E-5
549.395396	-1.200040E-5
549.400555	-8.106232E-6
549.405714	-4.291534E-6
549.410873	-7.152557E-7
549.416033	2.940496E-6
549.421192	6.357829E-6
549.426351	9.616216E-6
549.431510	1.271566E-5
549.436670	1.557668E-5
549.441829	1.819928E-5
549.446988	2.074242E-5
549.452147	2.272924E-5
549.457306	2.455711E-5
549.462466	2.622604E-5
549.467625	2.741814E-5
549.472784	2.837181E-5
549.477943	2.900759E-5
549.483103	2.932549E-5
549.488262	2.940496E-5
549.493421	2.900759E-5
549.498580	2.845128E-5
549.503739	2.749761E-5
549.508899	2.622604E-5
549.514058	2.463659E-5
549.519217	2.312660E-5
549.524376	2.113978E-5
549.529536	1.899401E-5
549.534695	1.645088E-5
549.539854	1.374880E-5
549.545013	1.080831E-5
549.550172	7.708867E-6
549.555332	4.529953E-6
549.560491	1.271566E-6
549.565650	-2.066294E-6
549.570809	-5.563100E-6
549.575969	-8.980433E-6
549.581128	-1.231829E-5
549.586287	-1.581510E-5
549.591446	-1.923243E-5
549.596605	-2.249082E-5
549.601765	-2.559026E-5
549.606924	-2.868970E-5
549.612083	-3.186862E-5
549.617242	-3.472964E-5
549.622402	-3.735224E-5
549.627561	-3.997485E-5
549.632720	-4.220009E-5
549.637879	-4.442533E-5
549.643038	-4.633268E-5
549.648198	-4.816055E-5
549.653357	-4.943212E-5
549.658516	-5.054474E-5
549.663675	-5.133947E-5
549.668835	-5.189578E-5
549.673994	-5.213420E-5
549.679153	-5.221367E-5
549.684312	-5.205472E-5
549.689471	-5.149841E-5
549.694631	-5.070368E-5
549.699790	-4.951159E-5
549.704949	-4.816055E-5
549.710108	-4.641215E-5
549.715268	-4.450480E-5
549.720427	-4.235903E-5
549.725586	-3.981590E-5
549.730745	-3.703435E-5
549.735904	-3.417333E-5
549.741064	-3.099442E-5
549.746223	-2.765656E-5
549.751382	-2.423922E-5
549.756541	-2.058347E-5
549.761701	-1.692772E-5
549.766860	-1.311302E-5
549.772019	-9.139379E-6
549.777178	-5.086263E-6
549.782337	-1.033147E-6
549.787497	2.940496E-6
549.792656	6.914139E-6
549.797815	1.064936E-5
549.802974	1.446406E-5
549.808134	1.811981E-5
549.813293	2.153714E-5
549.818452	2.495448E-5
549.823611	2.805392E-5
549.828770	3.099442E-5
549.833930	3.377597E-5
549.839089	3.639857E-5
549.844248	3.886223E-5
549.849407	4.108747E-5
549.854567	4.315376E-5
549.859726	4.514058E-5
549.864885	4.680951E-5
549.870044	4.824003E-5
549.875203	4.951159E-5
549.880363	5.038579E-5
549.885522	5.141894E-5
549.890681	5.189578E-5
549.895840	5.221367E-5
549.900999	5.245209E-5
549.906159	5.229314E-5
549.911318	5.205472E-5
549.916477	5.149841E-5
549.921636	5.086263E-5
549.926796	4.982948E-5
549.931955	4.879634E-5
549.937114	4.752477E-5
549.942273	4.593531E-5
549.947432	4.426638E-5
549.952592	4.227956E-5
549.957751	4.029274E-5
549.962910	3.830592E-5
549.968069	3.608068E-5
549.973229	3.385544E-5
549.978388	3.147125E-5
549.983547	2.916654E-5
549.988706	2.670288E-5
549.993865	2.431870E-5
549.999025	2.185504E-5
550.004184	1.947085E-5
550.009343	1.724561E-5
550.014502	1.486142E-5
550.019662	1.247724E-5
550.024821	1.033147E-5
550.029980	8.106232E-6
550.035139	6.039937E-6
550.040298	3.973643E-6
550.045458	2.066294E-6
550.050617	7.947286E-8
550.055776	-1.668930E-6
550.060935	-3.337860E-6
550.066095	-4.927317E-6
550.071254	-6.596247E-6
550.076413	-7.867813E-6
550.081572	-9.139379E-6
550.086731	-1.017253E-5
550.091891	-1.120567E-5
550.097050	-1.200040E-5
550.102209	-1.263618E-5
550.107368	-1.327197E-5
550.112528	-1.366933E-5
550.117687	-1.390775E-5
550.122846	-1.414617E-5
550.128005	-1.414617E-5
550.133164	-1.422564E-5
550.138324	-1.406670E-5
550.143483	-1.390775E-5
550.148642	-1.374880E-5
550.153801	-1.327197E-5
550.158961	-1.295408E-5
550.164120	-1.247724E-5
550.169279	-1.200040E-5
550.174438	-1.144409E-5
550.179597	-1.088778E-5
550.184757	-1.025200E-5
550.189916	-9.695689E-6
550.195075	-9.218852E-6
550.200234	-8.503596E-6
550.205394	-7.947286E-6
550.210553	-7.390976E-6
550.215712	-6.755193E-6
550.220871	-6.119410E-6
550.226030	-5.563100E-6
550.231190	-4.847844E-6
550.236349	-4.371007E-6
550.241508	-3.894170E-6
550.246667	-3.337860E-6
550.251827	-3.019969E-6
550.256986	-2.622604E-6
550.262145	-2.225240E-6
550.267304	-1.986821E-6
550.272463	-1.668930E-6
550.277623	-1.509984E-6
550.282782	-1.192093E-6
550.287941	-1.192093E-6
550.293100	-1.192093E-6
550.298260	-1.192093E-6
550.303419	-1.192093E-6
550.308578	-1.192093E-6
550.313737	-1.271566E-6
550.318896	-1.509984E-6
550.324056	-1.668930E-6
550.329215	-1.907349E-6
550.334374	-2.066294E-6
550.339533	-2.384186E-6
550.344693	-2.702077E-6
550.349852	-3.019969E-6
550.355011	-3.337860E-6
550.360170	-3.655752E-6
550.365329	-3.894170E-6
550.370489	-4.212062E-6
550.375648	-4.529953E-6
550.380807	-4.927317E-6
550.385966	-5.245209E-6
550.391126	-5.483627E-6
550.396285	-5.880992E-6
550.401444	-6.119410E-6
550.406603	-6.437302E-6
550.411762	-6.675720E-6
550.416922	-6.914139E-6
550.422081	-7.152557E-6
550.427240	-7.390976E-6
550.432399	-7.470449E-6
550.437559	-7.708867E-6
550.442718	-7.867813E-6
550.447877	-7.947286E-6
550.453036	-8.026759E-6
550.458195	-8.106232E-6
550.463355	-8.185705E-6
550.468514	-8.185705E-6
550.473673	-8.265177E-6
550.478832	-8.185705E-6
550.483992	-8.265177E-6
550.489151	-8.185705E-6
550.494310	-8.026759E-6
550.499469	-8.026759E-6
550.504628	-7.788340E-6
550.509788	-7.470449E-6
550.514947	-7.470449E-6
550.520106	-7.232030E-6
550.525265	-6.914139E-6
550.530425	-6.675720E-6
550.535584	-6.437302E-6
550.540743	-6.198883E-6
550.545902	-5.880992E-6
550.551061	-5.722046E-6
550.556221	-5.404154E-6
550.561380	-5.324682E-6
550.566539	-5.086263E-6
550.571698	-4.847844E-6
550.576858	-4.688899E-6
550.582017	-4.529953E-6
550.587176	-4.371007E-6
550.592335	-4.291534E-6
550.597494	-4.212062E-6
550.602654	-4.212062E-6
550.607813	-4.212062E-6
550.612972	-4.212062E-6
550.618131	-4.291534E-6
550.623291	-4.371007E-6
550.628450	-4.529953E-6
550.633609	-4.609426E-6
550.638768	-4.847844E-6
550.643927	-5.006790E-6
550.649087	-5.324682E-6
550.654246	-5.563100E-6
550.659405	-6.039937E-6
550.664564	-6.437302E-6
550.669724	-6.914139E-6
550.674883	-7.311503E-6
550.680042	-7.947286E-6
550.685201	-8.424123E-6
550.690360	-8.980433E-6
550.695520	-9.536743E-6
550.700679	-1.009305E-5
550.705838	-1.080831E-5
550.710997	-1.144409E-5
550.716157	-1.215935E-5
550.721316	-1.287460E-5
550.726475	-1.366933E-5
550.731634	-1.438459E-5
550.736793	-1.509984E-5
550.741953	-1.597404E-5
550.747112	-1.660983E-5
550.752271	-1.740456E-5
550.757430	-1.819928E-5
550.762590	-1.891454E-5
550.767749	-1.970927E-5
550.772908	-2.034505E-5
550.778067	-2.106031E-5
550.783226	-2.177556E-5
550.788386	-2.241135E-5
550.793545	-2.296766E-5
550.798704	-2.360344E-5
550.803863	-2.415975E-5
550.809022	-2.463659E-5
550.814182	-2.511342E-5
550.819341	-2.574921E-5
550.824500	-2.614657E-5
550.829659	-2.654394E-5
550.834819	-2.686183E-5
550.839978	-2.710025E-5
550.845137	-2.733866E-5
550.850296	-2.757708E-5
550.855455	-2.757708E-5
550.860615	-2.757708E-5
550.865774	-2.749761E-5
550.870933	-2.733866E-5
550.876092	-2.702077E-5
550.881252	-2.678235E-5
550.886411	-2.630552E-5
550.891570	-2.590815E-5
550.896729	-2.535184E-5
550.901888	-2.479553E-5
550.907048	-2.408028E-5
550.912207	-2.336502E-5
550.917366	-2.257029E-5
550.922525	-2.185504E-5
550.927685	-2.098083E-5
550.932844	-2.018611E-5
550.938003	-1.923243E-5
550.943162	-1.835823E-5
550.948321	-1.724561E-5
550.953481	-1.613299E-5
550.958640	-1.486142E-5
550.963799	-1.358986E-5
550.968958	-1.223882E-5
550.974118	-1.072884E-5
550.979277	-9.298325E-6
550.984436	-7.867813E-6
550.989595	-6.278356E-6
550.994754	-4.768372E-6
550.999914	-3.099442E-6
551.005073	-1.589457E-6
551.010232	7.947286E-8
551.015391	1.668930E-6
551.020551	3.258387E-6
551.025710	4.847844E-6
551.030869	6.437302E-6
551.036028	8.106232E-6
551.041187	9.536743E-6
551.046347	1.104673E-5
551.051506	1.247724E-5
551.056665	1.390775E-5
551.061824	1.525879E-5
551.066984	1.668930E-5
551.072143	1.788139E-5
551.077302	1.931190E-5
551.082461	2.050400E-5
551.087620	2.177556E-5
551.092780	2.296766E-5
551.097939	2.423922E-5
551.103098	2.535184E-5
551.108257	2.654394E-5
551.113417	2.757708E-5
551.118576	2.861023E-5
551.123735	2.948443E-5
551.128894	3.035863E-5
551.134053	3.107389E-5
551.139213	3.170967E-5
551.144372	3.226598E-5
551.149531	3.266335E-5
551.154690	3.314018E-5
551.159850	3.345807E-5
551.165009	3.377597E-5
551.170168	3.401438E-5
551.175327	3.417333E-5
551.180486	3.425280E-5
551.185646	3.425280E-5
551.190805	3.425280E-5
551.195964	3.401438E-5
551.201123	3.377597E-5
551.206283	3.337860E-5
551.211442	3.298124E-5
551.216601	3.250440E-5
551.221760	3.202756E-5
551.226919	3.139178E-5
551.232079	3.067652E-5
551.237238	2.996127E-5
551.242397	2.908707E-5
551.247556	2.821287E-5
551.252716	2.733866E-5
551.257875	2.614657E-5
551.263034	2.519290E-5
551.268193	2.408028E-5
551.273352	2.288818E-5
551.278512	2.169609E-5
551.283671	2.042452E-5
551.288830	1.923243E-5
551.293989	1.804034E-5
551.299149	1.660983E-5
551.304308	1.541773E-5
551.309467	1.398722E-5
551.314626	1.263618E-5
551.319785	1.128515E-5
551.324945	9.854635E-6
551.330104	8.344650E-6
551.335263	6.834666E-6
551.340422	5.245209E-6
551.345582	3.735224E-6
551.350741	2.225240E-6
551.355900	6.357829E-7
551.361059	-9.536743E-7
551.366218	-2.463659E-6
551.371378	-4.132589E-6
551.376537	-5.722046E-6
551.381696	-7.311503E-6
551.386855	-8.900960E-6
551.392015	-1.041094E-5
551.397174	-1.184146E-5
551.402333	-1.327197E-5
551.407492	-1.470248E-5
551.412651	-1.605352E-5
551.417811	-1.732508E-5
551.422970	-1.851718E-5
551.428129	-1.978874E-5
551.433288	-2.113978E-5
551.438448	-2.233187E-5
551.443607	-2.352397E-5
551.448766	-2.463659E-5
551.453925	-2.574921E-5
551.459084	-2.678235E-5
551.464244	-2.773603E-5
551.469403	-2.861023E-5
551.474562	-2.940496E-5
551.479721	-3.012021E-5
551.484881	-3.067652E-5
551.490040	-3.123283E-5
551.495199	-3.170967E-5
551.500358	-3.210704E-5
551.505517	-3.226598E-5
551.510677	-3.258387E-5
551.515836	-3.266335E-5
551.520995	-3.290176E-5
551.526154	-3.290176E-5
551.531314	-3.290176E-5
551.536473	-3.282229E-5
551.541632	-3.258387E-5
551.546791	-3.250440E-5
551.551950	-3.218651E-5
551.557110	-3.178914E-5
551.562269	-3.139178E-5
551.567428	-3.083547E-5
551.572587	-3.019969E-5
551.577747	-2.932549E-5
551.582906	-2.845128E-5
551.588065	-2.741814E-5
551.593224	-2.654394E-5
551.598383	-2.543132E-5
551.603543	-2.439817E-5
551.608702	-2.328555E-5
551.613861	-2.209345E-5
551.619020	-2.090136E-5
551.624180	-1.962980E-5
551.629339	-1.819928E-5
551.634498	-1.684825E-5
551.639657	-1.549721E-5
551.644816	-1.406670E-5
551.649976	-1.263618E-5
551.655135	-1.112620E-5
551.660294	-9.775162E-6
551.665453	-8.344650E-6
551.670613	-6.914139E-6
551.675772	-5.483627E-6
551.680931	-4.053116E-6
551.686090	-2.543132E-6
551.691249	-1.351039E-6
551.696409	-7.947286E-8
551.701568	1.271566E-6
551.706727	2.463659E-6
551.711886	3.735224E-6
551.717046	4.847844E-6
551.722205	5.880992E-6
551.727364	6.914139E-6
551.732523	7.708867E-6
551.737682	8.662542E-6
551.742842	9.298325E-6
551.748001	1.009305E-5
551.753160	1.072884E-5
551.758319	1.128515E-5
551.763478	1.176198E-5
551.768638	1.223882E-5
551.773797	1.271566E-5
551.778956	1.295408E-5
551.784115	1.319249E-5
551.789275	1.327197E-5
551.794434	1.335144E-5
551.799593	1.327197E-5
551.804752	1.303355E-5
551.809911	1.279513E-5
551.815071	1.263618E-5
551.820230	1.223882E-5
551.825389	1.184146E-5
551.830548	1.136462E-5
551.835708	1.080831E-5
551.840867	1.017253E-5
551.846026	9.536743E-6
551.851185	8.742015E-6
551.856344	8.026759E-6
551.861504	7.232030E-6
551.866663	6.357829E-6
551.871822	5.483627E-6
551.876981	4.609426E-6
551.882141	3.814697E-6
551.887300	2.781550E-6
551.892459	1.907349E-6
551.897618	9.536743E-7
551.902777	7.947286E-8
551.907937	-9.536743E-7
551.913096	-1.907349E-6
551.918255	-2.940496E-6
551.923414	-3.735224E-6
551.928574	-4.688899E-6
551.933733	-5.404154E-6
551.938892	-6.357829E-6
551.944051	-6.914139E-6
551.949210	-7.708867E-6
551.954370	-8.265177E-6
551.959529	-8.821487E-6
551.964688	-9.377797E-6
551.969847	-9.775162E-6
551.975007	-1.009305E-5
551.980166	-1.041094E-5
551.985325	-1.064936E-5
551.990484	-1.080831E-5
551.995643	-1.096725E-5
552.000803	-1.088778E-5
552.005962	-1.088778E-5
552.011121	-1.072884E-5
552.016280	-1.049042E-5
552.021440	-1.017253E-5
552.026599	-9.775162E-6
552.031758	-9.377797E-6
552.036917	-8.821487E-6
552.042076	-8.344650E-6
552.047236	-7.629395E-6
552.052395	-6.993612E-6
552.057554	-6.278356E-6
552.062713	-5.404154E-6
552.067873	-4.529953E-6
552.073032	-3.576279E-6
552.078191	-2.622604E-6
552.083350	-1.509984E-6
552.088509	-5.563100E-7
552.093669	6.357829E-7
552.098828	1.668930E-6
552.103987	2.781550E-6
552.109146	3.814697E-6
552.114306	4.847844E-6
552.119465	5.801519E-6
552.124624	6.914139E-6
552.129783	7.947286E-6
552.134942	8.980433E-6
552.140102	9.854635E-6
552.145261	1.080831E-5
552.150420	1.176198E-5
552.155579	1.271566E-5
552.160739	1.358986E-5
552.165898	1.446406E-5
552.171057	1.517932E-5
552.176216	1.589457E-5
552.181375	1.660983E-5
552.186535	1.716614E-5
552.191694	1.764297E-5
552.196853	1.811981E-5
552.202012	1.843770E-5
552.207172	1.875559E-5
552.212331	1.891454E-5
552.217490	1.907349E-5
552.222649	1.907349E-5
552.227808	1.907349E-5
552.232968	1.899401E-5
552.238127	1.875559E-5
552.243286	1.859665E-5
552.248445	1.827876E-5
552.253605	1.796087E-5
552.258764	1.756350E-5
552.263923	1.716614E-5
552.269082	1.668930E-5
552.274241	1.613299E-5
552.279401	1.565615E-5
552.284560	1.502037E-5
552.289719	1.430511E-5
552.294878	1.358986E-5
552.300038	1.295408E-5
552.305197	1.215935E-5
552.310356	1.128515E-5
552.315515	1.056989E-5
552.320674	9.616216E-6
552.325834	8.900960E-6
552.330993	8.106232E-6
552.336152	7.390976E-6
552.341311	6.755193E-6
552.346471	6.119410E-6
552.351630	5.563100E-6
552.356789	4.847844E-6
552.361948	4.212062E-6
552.367107	3.655752E-6
552.372267	2.940496E-6
552.377426	2.384186E-6
552.382585	1.827876E-6
552.387744	1.430511E-6
552.392904	1.033147E-6
552.398063	5.563100E-7
552.403222	3.178914E-7
552.408381	-7.947286E-8
552.413540	-4.768372E-7
552.418700	-7.152557E-7
552.423859	-8.742015E-7
552.429018	-1.192093E-6
552.434177	-1.351039E-6
552.439337	-1.589457E-6
552.444496	-1.668930E-6
552.449655	-1.668930E-6
552.454814	-1.748403E-6
552.459973	-1.748403E-6
552.465133	-1.827876E-6
552.470292	-1.827876E-6
552.475451	-1.827876E-6
552.480610	-1.827876E-6
552.485770	-1.748403E-6
552.490929	-1.668930E-6
552.496088	-1.589457E-6
552.501247	-1.509984E-6
552.506406	-1.430511E-6
552.511566	-1.351039E-6
552.516725	-1.351039E-6
552.521884	-1.351039E-6
552.527043	-1.351039E-6
552.532203	-1.351039E-6
552.537362	-1.271566E-6
552.542521	-1.271566E-6
552.547680	-1.271566E-6
552.552839	-1.271566E-6
552.557999	-1.430511E-6
552.563158	-1.589457E-6
552.568317	-1.668930E-6
552.573476	-1.986821E-6
552.578636	-2.225240E-6
552.583795	-2.543132E-6
552.588954	-2.861023E-6
552.594113	-3.337860E-6
552.599272	-3.894170E-6
552.604432	-4.371007E-6
552.609591	-5.006790E-6
552.614750	-5.563100E-6
552.619909	-6.278356E-6
552.625069	-6.755193E-6
552.630228	-7.549922E-6
552.635387	-8.185705E-6
552.640546	-8.821487E-6
552.645705	-9.536743E-6
552.650865	-1.025200E-5
552.656024	-1.088778E-5
552.661183	-1.152356E-5
552.666342	-1.223882E-5
552.671502	-1.295408E-5
552.676661	-1.366933E-5
552.681820	-1.438459E-5
552.686979	-1.509984E-5
552.692138	-1.565615E-5
552.697298	-1.621246E-5
552.702457	-1.684825E-5
552.707616	-1.740456E-5
552.712775	-1.788139E-5
552.717934	-1.835823E-5
552.723094	-1.867612E-5
552.728253	-1.899401E-5
552.733412	-1.923243E-5
552.738571	-1.947085E-5
552.743731	-1.962980E-5
552.748890	-1.955032E-5
552.754049	-1.947085E-5
552.759208	-1.939138E-5
552.764367	-1.907349E-5
552.769527	-1.859665E-5
552.774686	-1.811981E-5
552.779845	-1.764297E-5
552.785004	-1.700719E-5
552.790164	-1.637141E-5
552.795323	-1.557668E-5
552.800482	-1.470248E-5
552.805641	-1.366933E-5
552.810800	-1.279513E-5
552.815960	-1.176198E-5
552.821119	-1.072884E-5
552.826278	-9.695689E-6
552.831437	-8.583069E-6
552.836597	-7.470449E-6
552.841756	-6.357829E-6
552.846915	-5.245209E-6
552.852074	-3.894170E-6
552.857233	-2.622604E-6
552.862393	-1.430511E-6
552.867552	-1.589457E-7
552.872711	1.033147E-6
552.877870	2.304713E-6
552.883030	3.496806E-6
552.888189	4.768372E-6
552.893348	5.880992E-6
552.898507	7.073085E-6
552.903666	8.026759E-6
552.908826	9.139379E-6
552.913985	1.017253E-5
552.919144	1.104673E-5
552.924303	1.192093E-5
552.929463	1.271566E-5
552.934622	1.343091E-5
552.939781	1.414617E-5
552.944940	1.462301E-5
552.950099	1.502037E-5
552.955259	1.533826E-5
552.960418	1.573563E-5
552.965577	1.581510E-5
552.970736	1.589457E-5
552.975896	1.597404E-5
552.981055	1.597404E-5
552.986214	1.581510E-5
552.991373	1.557668E-5
552.996532	1.517932E-5
553.001692	1.486142E-5
553.006851	1.438459E-5
553.012010	1.390775E-5
553.017169	1.327197E-5
553.022329	1.263618E-5
553.027488	1.184146E-5
553.032647	1.104673E-5
553.037806	1.017253E-5
553.042965	9.218852E-6
553.048125	8.424123E-6
553.053284	7.470449E-6
553.058443	6.437302E-6
553.063602	5.483627E-6
553.068762	4.529953E-6
553.073921	3.417333E-6
553.079080	2.384186E-6
553.084239	1.192093E-6
553.089398	1.589457E-7
553.094558	-9.536743E-7
553.099717	-2.066294E-6
553.104876	-3.099442E-6
553.110035	-4.132589E-6
553.115195	-5.086263E-6
553.120354	-5.960464E-6
553.125513	-6.834666E-6
553.130672	-7.549922E-6
553.135831	-8.265177E-6
553.140991	-8.980433E-6
553.146150	-9.616216E-6
553.151309	-1.009305E-5
553.156468	-1.056989E-5
553.161628	-1.096725E-5
553.166787	-1.128515E-5
553.171946	-1.160304E-5
553.177105	-1.160304E-5
553.182264	-1.168251E-5
553.187424	-1.168251E-5
553.192583	-1.152356E-5
553.197742	-1.144409E-5
553.202901	-1.112620E-5
553.208061	-1.080831E-5
553.213220	-1.049042E-5
553.218379	-9.934107E-6
553.223538	-9.457270E-6
553.228697	-8.821487E-6
553.233857	-8.185705E-6
553.239016	-7.311503E-6
553.244175	-6.675720E-6
553.249334	-5.880992E-6
553.254494	-5.006790E-6
553.259653	-3.973643E-6
553.264812	-3.099442E-6
553.269971	-2.145767E-6
553.275130	-1.271566E-6
553.280290	-3.178914E-7
553.285449	7.947286E-7
553.290608	1.589457E-6
553.295767	2.622604E-6
553.300927	3.655752E-6
553.306086	4.688899E-6
553.311245	5.722046E-6
553.316404	6.755193E-6
553.321563	7.629395E-6
553.326723	8.662542E-6
553.331882	9.457270E-6
553.337041	1.033147E-5
553.342200	1.128515E-5
553.347360	1.200040E-5
553.352519	1.287460E-5
553.357678	1.351039E-5
553.362837	1.406670E-5
553.367996	1.478195E-5
553.373156	1.517932E-5
553.378315	1.565615E-5
553.383474	1.597404E-5
553.388633	1.629194E-5
553.393793	1.660983E-5
553.398952	1.676877E-5
553.404111	1.700719E-5
553.409270	1.700719E-5
553.414429	1.700719E-5
553.419589	1.692772E-5
553.424748	1.684825E-5
553.429907	1.660983E-5
553.435066	1.637141E-5
553.440226	1.621246E-5
553.445385	1.565615E-5
553.450544	1.541773E-5
553.455703	1.486142E-5
553.460862	1.430511E-5
553.466022	1.374880E-5
553.471181	1.319249E-5
553.476340	1.263618E-5
553.481499	1.184146E-5
553.486659	1.120567E-5
553.491818	1.056989E-5
553.496977	9.775162E-6
553.502136	9.059906E-6
553.507295	8.265177E-6
553.512455	7.549922E-6
553.517614	6.914139E-6
553.522773	6.278356E-6
553.527932	5.642573E-6
553.533092	4.927317E-6
553.538251	4.291534E-6
553.543410	3.655752E-6
553.548569	2.940496E-6
553.553728	2.384186E-6
553.558888	1.589457E-6
553.564047	1.033147E-6
553.569206	3.178914E-7
553.574365	-3.178914E-7
553.579525	-8.742015E-7
553.584684	-1.430511E-6
553.589843	-1.986821E-6
553.595002	-2.543132E-6
553.600161	-3.019969E-6
553.605321	-3.576279E-6
553.610480	-4.212062E-6
553.615639	-4.609426E-6
553.620798	-4.927317E-6
553.625957	-5.404154E-6
553.631117	-5.880992E-6
553.636276	-6.357829E-6
553.641435	-6.596247E-6
553.646594	-7.073085E-6
553.651754	-7.549922E-6
553.656913	-7.708867E-6
553.662072	-8.026759E-6
553.667231	-8.424123E-6
553.672390	-8.662542E-6
553.677550	-8.980433E-6
553.682709	-9.377797E-6
553.687868	-9.616216E-6
553.693027	-9.934107E-6
553.698187	-1.017253E-5
553.703346	-1.041094E-5
553.708505	-1.080831E-5
553.713664	-1.104673E-5
553.718823	-1.128515E-5
553.723983	-1.152356E-5
553.729142	-1.176198E-5
553.734301	-1.200040E-5
553.739460	-1.223882E-5
553.744620	-1.247724E-5
553.749779	-1.255671E-5
553.754938	-1.271566E-5
553.760097	-1.295408E-5
553.765256	-1.303355E-5
553.770416	-1.311302E-5
553.775575	-1.319249E-5
553.780734	-1.327197E-5
553.785893	-1.335144E-5
553.791053	-1.335144E-5
553.796212	-1.327197E-5
553.801371	-1.327197E-5
553.806530	-1.319249E-5
553.811689	-1.303355E-5
553.816849	-1.295408E-5
553.822008	-1.287460E-5
553.827167	-1.271566E-5
553.832326	-1.263618E-5
553.837486	-1.255671E-5
553.842645	-1.223882E-5
553.847804	-1.200040E-5
553.852963	-1.176198E-5
553.858122	-1.144409E-5
553.863282	-1.112620E-5
553.868441	-1.088778E-5
553.873600	-1.049042E-5
553.878759	-1.009305E-5
553.883919	-9.695689E-6
553.889078	-9.218852E-6
553.894237	-8.662542E-6
553.899396	-8.106232E-6
553.904555	-7.708867E-6
553.909715	-7.232030E-6
553.914874	-6.675720E-6
553.920033	-6.198883E-6
553.925192	-5.642573E-6
553.930352	-5.006790E-6
553.935511	-4.529953E-6
553.940670	-3.973643E-6
553.945829	-3.417333E-6
553.950988	-2.940496E-6
553.956148	-2.304713E-6
553.961307	-1.827876E-6
553.966466	-1.351039E-6
553.971625	-7.947286E-7
553.976785	-3.973643E-7
553.981944	2.384186E-7
553.987103	6.357829E-7
553.992262	1.033147E-6
553.997421	1.509984E-6
554.002581	1.827876E-6
554.007740	2.304713E-6
554.012899	2.463659E-6
554.018058	2.781550E-6
554.023218	3.019969E-6
554.028377	3.258387E-6
554.033536	3.496806E-6
554.038695	3.735224E-6
554.043854	3.894170E-6
554.049014	4.132589E-6
554.054173	4.291534E-6
554.059332	4.371007E-6
554.064491	4.529953E-6
554.069651	4.609426E-6
554.074810	4.609426E-6
554.079969	4.529953E-6
554.085128	4.371007E-6
554.090287	4.291534E-6
554.095447	4.132589E-6
554.100606	4.053116E-6
554.105765	3.894170E-6
554.110924	3.735224E-6
554.116084	3.417333E-6
554.121243	3.178914E-6
554.126402	2.940496E-6
554.131561	2.622604E-6
554.136720	2.145767E-6
554.141880	1.986821E-6
554.147039	1.509984E-6
554.152198	1.271566E-6
554.157357	9.536743E-7
554.162517	5.563100E-7
554.167676	1.589457E-7
554.172835	-1.589457E-7
554.177994	-6.357829E-7
554.183153	-1.033147E-6
554.188313	-1.430511E-6
554.193472	-1.907349E-6
554.198631	-2.463659E-6
554.203790	-2.781550E-6
554.208950	-3.337860E-6
554.214109	-3.814697E-6
554.219268	-4.132589E-6
554.224427	-4.609426E-6
554.229586	-5.006790E-6
554.234746	-5.404154E-6
554.239905	-5.722046E-6
554.245064	-6.039937E-6
554.250223	-6.357829E-6
554.255383	-6.516774E-6
554.260542	-6.755193E-6
554.265701	-6.993612E-6
554.270860	-7.232030E-6
554.276019	-7.470449E-6
554.281179	-7.549922E-6
554.286338	-7.708867E-6
554.291497	-7.867813E-6
554.296656	-7.947286E-6
554.301816	-7.947286E-6
554.306975	-7.947286E-6
554.312134	-7.947286E-6
554.317293	-8.026759E-6
554.322452	-8.106232E-6
554.327612	-8.106232E-6
554.332771	-8.026759E-6
554.337930	-7.947286E-6
554.343089	-7.549922E-6
554.348249	-7.470449E-6
554.353408	-7.152557E-6
554.358567	-6.993612E-6
554.363726	-6.755193E-6
554.368885	-6.357829E-6
554.374045	-6.198883E-6
554.379204	-5.960464E-6
554.384363	-5.801519E-6
554.389522	-5.404154E-6
554.394682	-5.165736E-6
554.399841	-4.847844E-6
554.405000	-4.609426E-6
554.410159	-4.291534E-6
554.415318	-3.973643E-6
554.420478	-3.655752E-6
554.425637	-3.337860E-6
554.430796	-3.099442E-6
554.435955	-2.861023E-6
554.441115	-2.702077E-6
554.446274	-2.463659E-6
554.451433	-2.304713E-6
554.456592	-2.145767E-6
554.461751	-1.827876E-6
554.466911	-1.589457E-6
554.472070	-1.430511E-6
554.477229	-1.351039E-6
554.482388	-1.033147E-6
554.487548	-8.742015E-7
554.492707	-8.742015E-7
554.497866	-7.152557E-7
554.503025	-7.152557E-7
554.508184	-7.152557E-7
554.513344	-6.357829E-7
554.518503	-5.563100E-7
554.523662	-5.563100E-7
554.528821	-5.563100E-7
554.533981	-5.563100E-7
554.539140	-7.152557E-7
554.544299	-7.152557E-7
554.549458	-8.742015E-7
554.554617	-9.536743E-7
554.559777	-9.536743E-7
554.564936	-1.033147E-6
554.570095	-1.112620E-6
554.575254	-1.192093E-6
554.580413	-1.192093E-6
554.585573	-1.192093E-6
554.590732	-1.192093E-6
554.595891	-1.192093E-6
554.601050	-1.192093E-6
554.606210	-1.271566E-6
554.611369	-1.271566E-6
554.616528	-1.271566E-6
554.621687	-1.112620E-6
554.626846	-9.536743E-7
554.632006	-7.947286E-7
554.637165	-7.947286E-7
554.642324	-6.357829E-7
554.647483	-3.973643E-7
554.652643	-2.384186E-7
554.657802	-7.947286E-8
554.662961	2.384186E-7
554.668120	4.768372E-7
554.673279	7.152557E-7
554.678439	8.742015E-7
554.683598	1.271566E-6
554.688757	1.668930E-6
554.693916	1.986821E-6
554.699076	2.463659E-6
554.704235	2.781550E-6
554.709394	3.178914E-6
554.714553	3.655752E-6
554.719712	4.053116E-6
554.724872	4.609426E-6
554.730031	5.086263E-6
554.735190	5.642573E-6
554.740349	6.119410E-6
554.745509	6.596247E-6
554.750668	6.993612E-6
554.755827	7.470449E-6
554.760986	7.947286E-6
554.766145	8.424123E-6
554.771305	8.742015E-6
554.776464	9.218852E-6
554.781623	9.536743E-6
554.786782	9.854635E-6
554.791942	1.017253E-5
554.797101	1.033147E-5
554.802260	1.049042E-5
554.807419	1.072884E-5
554.812578	1.096725E-5
554.817738	1.104673E-5
554.822897	1.112620E-5
554.828056	1.112620E-5
554.833215	1.112620E-5
554.838375	1.096725E-5
554.843534	1.080831E-5
554.848693	1.072884E-5
554.853852	1.049042E-5
554.859011	1.009305E-5
554.864171	9.854635E-6
554.869330	9.536743E-6
554.874489	9.139379E-6
554.879648	8.583069E-6
554.884808	8.106232E-6
554.889967	7.549922E-6
554.895126	6.993612E-6
554.900285	6.357829E-6
554.905444	5.722046E-6
554.910604	4.927317E-6
554.915763	4.212062E-6
554.920922	3.417333E-6
554.926081	2.543132E-6
554.931241	1.748403E-6
554.936400	8.742015E-7
554.941559	0.000000
554.946718	-8.742015E-7
554.951877	-1.827876E-6
554.957037	-2.702077E-6
554.962196	-3.576279E-6
554.967355	-4.609426E-6
554.972514	-5.404154E-6
554.977674	-6.437302E-6
554.982833	-7.152557E-6
554.987992	-8.106232E-6
554.993151	-8.662542E-6
554.998310	-9.377797E-6
555.003470	-1.001358E-5
555.008629	-1.056989E-5
555.013788	-1.112620E-5
555.018947	-1.168251E-5
555.024107	-1.207987E-5
555.029266	-1.239777E-5
555.034425	-1.287460E-5
555.039584	-1.303355E-5
555.044743	-1.327197E-5
555.049903	-1.343091E-5
555.055062	-1.358986E-5
555.060221	-1.366933E-5
555.065380	-1.366933E-5
555.070540	-1.351039E-5
555.075699	-1.327197E-5
555.080858	-1.319249E-5
555.086017	-1.287460E-5
555.091176	-1.263618E-5
555.096336	-1.231829E-5
555.101495	-1.184146E-5
555.106654	-1.136462E-5
555.111813	-1.080831E-5
555.116973	-1.025200E-5
555.122132	-9.695689E-6
555.127291	-9.059906E-6
555.132450	-8.503596E-6
555.137609	-7.788340E-6
555.142769	-7.152557E-6
555.147928	-6.437302E-6
555.153087	-5.722046E-6
555.158246	-5.006790E-6
555.163406	-4.291534E-6
555.168565	-3.576279E-6
555.173724	-2.781550E-6
555.178883	-2.066294E-6
555.184042	-1.351039E-6
555.189202	-6.357829E-7
555.194361	7.947286E-8
555.199520	7.947286E-7
555.204679	1.271566E-6
555.209839	2.066294E-6
555.214998	2.622604E-6
555.220157	3.178914E-6
555.225316	3.655752E-6
555.230475	4.132589E-6
555.235635	4.609426E-6
555.240794	4.927317E-6
555.245953	5.245209E-6
555.251112	5.642573E-6
555.256272	5.880992E-6
555.261431	5.960464E-6
555.266590	6.119410E-6
555.271749	6.198883E-6
555.276908	6.278356E-6
555.282068	6.278356E-6
555.287227	6.198883E-6
555.292386	6.198883E-6
555.297545	6.039937E-6
555.302705	5.880992E-6
555.307864	5.563100E-6
555.313023	5.404154E-6
555.318182	5.086263E-6
555.323341	4.768372E-6
555.328501	4.450480E-6
555.333660	4.212062E-6
555.338819	3.814697E-6
555.343978	3.417333E-6
555.349138	3.178914E-6
555.354297	2.781550E-6
555.359456	2.384186E-6
555.364615	1.986821E-6
555.369774	1.589457E-6
555.374934	1.351039E-6
555.380093	1.033147E-6
555.385252	6.357829E-7
555.390411	4.768372E-7
555.395571	2.384186E-7
555.400730	7.947286E-8
555.405889	-7.947286E-8
555.411048	-2.384186E-7
555.416207	-5.563100E-7
555.421367	-6.357829E-7
555.426526	-7.947286E-7
555.431685	-8.742015E-7
555.436844	-9.536743E-7
555.442004	-1.112620E-6
555.447163	-1.192093E-6
555.452322	-1.192093E-6
555.457481	-1.112620E-6
555.462640	-1.033147E-6
555.467800	-9.536743E-7
555.472959	-8.742015E-7
555.478118	-7.947286E-7
555.483277	-7.152557E-7
555.488437	-5.563100E-7
555.493596	-4.768372E-7
555.498755	-3.178914E-7
555.503914	-2.384186E-7
555.509073	-1.589457E-7
555.514233	-7.947286E-8
555.519392	0.000000
555.524551	0.000000
555.529710	1.589457E-7
555.534869	1.589457E-7
555.540029	2.384186E-7
555.545188	2.384186E-7
555.550347	3.973643E-7
555.555506	4.768372E-7
555.560666	4.768372E-7
555.565825	3.973643E-7
555.570984	3.973643E-7
555.576143	2.384186E-7
555.581302	2.384186E-7
555.586462	1.589457E-7
555.591621	-7.947286E-8
555.596780	-2.384186E-7
555.601939	-3.178914E-7
555.607099	-6.357829E-7
555.612258	-8.742015E-7
555.617417	-1.112620E-6
555.622576	-1.351039E-6
555.627735	-1.589457E-6
555.632895	-1.986821E-6
555.638054	-2.145767E-6
555.643213	-2.702077E-6
555.648372	-2.940496E-6
555.653532	-3.258387E-6
555.658691	-3.735224E-6
555.663850	-4.053116E-6
555.669009	-4.371007E-6
555.674168	-4.609426E-6
555.679328	-5.006790E-6
555.684487	-5.245209E-6
555.689646	-5.642573E-6
555.694805	-5.880992E-6
555.699965	-6.198883E-6
555.705124	-6.278356E-6
555.710283	-6.516774E-6
555.715442	-6.755193E-6
555.720601	-6.834666E-6
555.725761	-6.834666E-6
555.730920	-6.834666E-6
555.736079	-6.755193E-6
555.741238	-6.755193E-6
555.746398	-6.675720E-6
555.751557	-6.516774E-6
555.756716	-6.437302E-6
555.761875	-6.198883E-6
555.767034	-5.880992E-6
555.772194	-5.563100E-6
555.777353	-5.165736E-6
555.782512	-4.688899E-6
555.787671	-4.212062E-6
555.792831	-3.735224E-6
555.797990	-3.258387E-6
555.803149	-2.781550E-6
555.808308	-2.145767E-6
555.813467	-1.589457E-6
555.818627	-1.112620E-6
555.823786	-5.563100E-7
555.828945	7.947286E-8
555.834104	6.357829E-7
555.839264	1.430511E-6
555.844423	2.066294E-6
555.849582	2.781550E-6
555.854741	3.496806E-6
555.859900	4.132589E-6
555.865060	4.927317E-6
555.870219	5.563100E-6
555.875378	6.278356E-6
555.880537	6.834666E-6
555.885697	7.549922E-6
555.890856	8.026759E-6
555.896015	8.503596E-6
555.901174	9.059906E-6
555.906333	9.536743E-6
555.911493	9.934107E-6
555.916652	1.025200E-5
555.921811	1.056989E-5
555.926970	1.072884E-5
555.932130	1.104673E-5
555.937289	1.112620E-5
555.942448	1.136462E-5
555.947607	1.136462E-5
555.952766	1.144409E-5
555.957926	1.144409E-5
555.963085	1.144409E-5
555.968244	1.144409E-5
555.973403	1.136462E-5
555.978563	1.112620E-5
555.983722	1.096725E-5
555.988881	1.072884E-5
555.994040	1.041094E-5
