#
#"Frequency / THz"	"Eps'' (Fit) [Real Part]"
#-------------------------------------------
0.10000000149012	0.00057323940563947
0.10210210084915	0.00058528035879135
0.10317151993513	0.00059140578377992
0.10420420765877	0.00059732067165896
0.10630630701780	0.00060936046065763
0.10644362121820	0.00061014690436423
0.10840840637684	0.00062139960937202
0.10981950163841	0.00062948092818260
0.11051051318645	0.00063343817600980
0.11261261254549	0.00064547616057098
0.11330244690180	0.00064942642347887
0.11471471190453	0.00065751344664022
0.11681681871414	0.00066955015063286
0.11689586192369	0.00067000271519646
0.11891891807318	0.00068158615613356
0.12060323357582	0.00069122959394008
0.12102101743221	0.00069362152135000
0.12312312424183	0.00070565618807450
0.12442819029093	0.00071312743239105
0.12522523105145	0.00071769021451473
0.12732732295990	0.00072972348425537
0.12837445735931	0.00073571741813794
0.12942942976952	0.00074175611371174
0.13153153657913	0.00075378792826086
0.13244587182999	0.00075902114622295
0.13363362848759	0.00076581904431805
0.13573573529720	0.00077784946188331
0.13664641976357	0.00078306108480319
0.13783784210682	0.00078987906454131
0.13993993401527	0.00080190791049972
0.14098018407822	0.00080786022590473
0.14204204082489	0.00081393599975854
0.14414414763451	0.00082596327411011
0.14545139670372	0.00083344237646088
0.14624623954296	0.00083798973355442
0.14834834635258	0.00085001537809148
0.15006442368031	0.00085983198368922
0.15045045316219	0.00086204020772129
0.15255255997181	0.00087406416423619
0.15465465188026	0.00088608730584383
0.15482373535633	0.00088705436792225
0.15675675868988	0.00089810957433656
0.15885886549950	0.00091013096971437
0.15973399579525	0.00091513543156907
0.16096095740795	0.00092215149197727
0.16306306421757	0.00093417108291760
0.16480000317097	0.00094410200836137
0.16516517102718	0.00094618980074301
0.16726726293564	0.00095820758724585
0.16936936974525	0.00097022438421845
0.17002665996552	0.00097398168873042
0.17147147655487	0.00098224030807614
0.17357356846333	0.00099425518419594
0.17541909217834	0.0010048027615994
0.17567567527294	0.0010062692454085
0.17777778208256	0.0010182821424678
0.17987987399101	0.0010302942246199
0.18098254501820	0.0010365947382525
0.18198198080063	0.0010423051426187
0.18408408761024	0.0010543151292950
0.18618617951870	0.0010663240682334
0.18672242760658	0.0010693874210119
0.18828828632832	0.0010783320758492
0.19039039313793	0.0010903389193118
0.19249248504639	0.0011023447150365
0.19264437258244	0.0011032121255994
0.19459459185600	0.0011143494630232
0.19669669866562	0.0011263530468568
0.19875413179398	0.0011381005169824
0.19879880547523	0.0011383555829525
0.20090089738369	0.0011503570713103
0.20300300419331	0.0011623573955148
0.20505765080452	0.0011740856571123
0.20510511100292	0.0011743565555662
0.20720720291138	0.0011863546678796
0.20930930972099	0.0011983514996246
0.21141141653061	0.0012103472836316
0.21156109869480	0.0012112014228478
0.21351350843906	0.0012223417870700
0.21561561524868	0.0012343351263553
0.21771772205830	0.0012463273014873
0.21827079355717	0.0012494822731242
0.21981981396675	0.0012583183124661
0.22192192077637	0.0012703080428764
0.22402402758598	0.0012822964927182
0.22519329190254	0.0012889644131064
0.22612611949444	0.0012942836619914
0.22822822630405	0.0013062696671113
0.23033033311367	0.0013182543916628
0.23233534395695	0.0013296843972057
0.23243242502213	0.0013302378356457
0.23453453183174	0.0013422199990600
0.23663663864136	0.0013542007654905
0.23873874545097	0.0013661803677678
0.23970389366150	0.0013716801768169
0.24084083735943	0.0013781585730612
0.24294294416904	0.0013901353813708
0.24504505097866	0.0014021109091118
0.24714714288712	0.0014140850398690
0.24730615317822	0.0014149907510728
0.24924924969673	0.0014260577736422
0.25135135650635	0.0014380291104317
0.25345346331596	0.0014499991666526
0.25514951348305	0.0014596559340134
0.25555557012558	0.0014619677094743
0.25765764713287	0.0014739348553121
0.25975975394249	0.0014859006041661
0.26186186075211	0.0014978648396209
0.26324161887169	0.0015057171694934
0.26396396756172	0.0015098276780918
0.26606607437134	0.0015217890031636
0.26816818118095	0.0015337489312515
0.27027025818825	0.0015457073459402
0.27159038186073	0.0015532163670287
0.27237236499786	0.0015576642472297
0.27447447180748	0.0015696196351200
0.27657657861710	0.0015815733931959
0.27867868542671	0.0015935257542878
0.28020393848419	0.0016021971823648
0.28078079223633	0.0016054764855653
0.28288286924362	0.0016174257034436
0.28498497605324	0.0016293734079227
0.28708708286285	0.0016413194825873
0.28909066319466	0.0016527040861547
0.28918918967247	0.0016532639274374
0.29129129648209	0.0016652068588883
0.29339340329170	0.0016771480441093
0.29549551010132	0.0016890877159312
0.29759758710861	0.0017010257579386
0.29825922846794	0.0017047828296199
0.29969969391823	0.0017129620537162
0.30180180072784	0.0017248967196792
0.30390390753746	0.0017368297558278
0.30600601434708	0.0017487611621618
0.30771857500076	0.0017584802117199
0.30810812115669	0.0017606907058507
0.31021019816399	0.0017726187361404
0.31231230497360	0.0017845449037850
0.31441441178322	0.0017964694416150
0.31651651859283	0.0018083921168000
0.31747791171074	0.0018138444283977
0.31861862540245	0.0018203131621704
0.32072073221207	0.0018322323448956
0.32282280921936	0.0018441498978063
0.32492491602898	0.0018560654716566
0.32702702283859	0.0018679794156924
0.32754680514336	0.0018709249561653
0.32912912964821	0.0018798914970830
0.33123123645782	0.0018918017158285
0.33333334326744	0.0019037101883441
0.33543545007706	0.0019156167982146
0.33753752708435	0.0019275214290246
0.33793500065804	0.0019297722028568
0.33963963389397	0.0019394243136048
0.34174174070358	0.0019513253355399
0.34384384751320	0.0019632244948298
0.34594595432281	0.0019751216750592
0.34804806113243	0.0019870169926435
0.34865266084671	0.0019904379732907
0.35015013813972	0.0019989102147520
0.35225224494934	0.0020108018070459
0.35435435175896	0.0020226913038641
0.35645645856857	0.0020345787052065
0.35855856537819	0.0020464644767344
0.35971027612686	0.0020529753528535
0.36066067218781	0.0020583479199558
0.36276274919510	0.0020702295005322
0.36486485600471	0.0020821092184633
0.36696696281433	0.0020939868409187
0.36906906962395	0.0021058623678982
0.37111854553223	0.0021174387075007
0.37117117643356	0.0021177360322326
0.37327328324318	0.0021296073682606
0.37537539005280	0.0021414768416435
0.37747746706009	0.0021533442195505
0.37957957386971	0.0021652097348124
0.38168168067932	0.0021770729217678
0.38288864493370	0.0021838834509254
0.38378378748894	0.0021889340132475
0.38588589429855	0.0022007930092514
0.38798800110817	0.0022126499097794
0.39009007811546	0.0022245047148317
0.39219218492508	0.0022363571915776
0.39429429173470	0.0022482075728476
0.39503201842308	0.0022523661609739
0.39639639854431	0.0022600558586419
0.39849850535393	0.0022719020489603
0.40060061216354	0.0022837459109724
0.40270268917084	0.0022955876775086
0.40480479598045	0.0023074273485690
0.40690690279007	0.0023192644584924
0.40756052732468	0.0023229448124766
0.40900900959969	0.0023310994729400
0.41111111640930	0.0023429323919117
0.41321322321892	0.0023547629825771
0.41531533002853	0.0023665912449360
0.41741740703583	0.0023784171789885
0.41951951384544	0.0023902410175651
0.42048639059067	0.0023956785444170
0.42162162065506	0.0024020622950047
0.42372372746468	0.0024138814769685
0.42582583427429	0.0024256983306259
0.42792794108391	0.0024375128559768
0.43003001809120	0.0024493248201907
0.43213212490082	0.0024611346889287
0.43382221460342	0.0024706278927624
0.43423423171043	0.0024729419965297
0.43633633852005	0.0024847469758242
0.43843844532967	0.0024965496268123
0.44054055213928	0.0025083499494940
0.44264262914658	0.0025201477110386
0.44474473595619	0.0025319431442767
0.44684684276581	0.0025437360163778
0.44758096337318	0.0025478540919721
0.44894894957542	0.0025555265601724
0.45105105638504	0.0025673147756606
0.45315316319466	0.0025791004300117
0.45525527000427	0.0025908835232258
0.45735734701157	0.0026026640553027
0.45945945382118	0.0026144422590733
0.46156156063080	0.0026262179017067
0.46177607774734	0.0026274195406586
0.46366366744041	0.0026379909832031
0.46576577425003	0.0026497617363930
0.46786788105965	0.0026615296956152
0.46996995806694	0.0026732953265309
0.47207206487656	0.0026850581634790
0.47417417168617	0.0026968186721206
0.47627627849579	0.0027085763867944
0.47642138600349	0.0027093880344182
0.47837838530540	0.0027203315403312
0.48048049211502	0.0027320841327310
0.48258256912231	0.0027438341639936
0.48468467593193	0.0027555814012885
0.48678678274155	0.0027673260774463
0.48888888955116	0.0027790681924671
0.49099099636078	0.0027908077463508
0.49153119325638	0.0027938240673393
0.49309310317039	0.0028025442734361
0.49519520998001	0.0028142784722149
0.49729728698730	0.0028260098770261
0.49939939379692	0.0028377384878695
0.50150150060654	0.0028494643047452
0.50360357761383	0.0028611875604838
0.50570571422577	0.0028729080222547
0.50712019205093	0.0028807932976633
0.50780779123306	0.0028846259228885
0.50990992784500	0.0028963407967240
0.51201200485229	0.0029080531094223
0.51411414146423	0.0029197626281530
0.51621621847153	0.0029314691200852
0.51831829547882	0.0029431730508804
0.52042043209076	0.0029548741877079
0.52252250909805	0.0029665722977370
0.52320361137390	0.0029703618492931
0.52462464570999	0.0029782676137984
0.52672672271729	0.0029899603687227
0.52882879972458	0.0030016498640180
0.53093093633652	0.0030133367981762
0.53303301334381	0.0030250207055360
0.53513514995575	0.0030367018189281
0.53723722696304	0.0030483801383525
0.53933936357498	0.0030600554309785
0.53979712724686	0.0030625974759459
0.54144144058228	0.0030717276968062
0.54354351758957	0.0030833971686661
0.54564565420151	0.0030950636137277
0.54774773120880	0.0031067272648215
0.54984986782074	0.0031183878891170
0.55195194482803	0.0031300454866141
0.55405408143997	0.0031417002901435
0.55615615844727	0.0031533518340439
0.55691689252853	0.0031575676985085
0.55825823545456	0.0031650005839765
0.56036037206650	0.0031766460742801
0.56246244907379	0.0031882887706161
0.56456458568573	0.0031999284401536
0.56666666269302	0.0032115650828928
0.56876873970032	0.0032231984660029
0.57087087631226	0.0032348290551454
0.57297295331955	0.0032464563846588
0.57457959651947	0.0032553409691900
0.57507508993149	0.0032580806873739
0.57717716693878	0.0032697019632906
0.57927930355072	0.0032813199795783
0.58138138055801	0.0032929349690676
0.58348345756531	0.0033045469317585
0.58558559417725	0.0033161556348205
0.58768767118454	0.0033277610782534
0.58978980779648	0.0033393637277186
0.59189188480377	0.0033509628847241
0.59280252456665	0.0033559866715223
0.59399402141571	0.0033625590149313
0.59609609842300	0.0033741518855095
0.59819817543030	0.0033857414964586
0.60030031204224	0.0033973280806094
0.60240238904953	0.0034089114051312
0.60450452566147	0.0034204914700240
0.60660660266876	0.0034320682752877
0.60870867967606	0.0034436418209225
0.61081081628799	0.0034552121069282
0.61160331964493	0.0034595734905452
0.61291289329529	0.0034667791333050
0.61501502990723	0.0034783429000527
0.61711710691452	0.0034899034071714
0.61921924352646	0.0035014606546611
0.62132132053375	0.0035130144096911
0.62342339754105	0.0035245649050921
0.62552553415298	0.0035361121408641
0.62762761116028	0.0035476561170071
0.62972974777222	0.0035591966006905
0.63100045919418	0.0035661712754518
0.63183182477951	0.0035707338247448
0.63393396139145	0.0035822675563395
0.63603603839874	0.0035937980283052
0.63813811540604	0.0036053250078112
0.64024025201797	0.0036168487276882
0.64234232902527	0.0036283689551055
0.64444446563721	0.0036398856900632
0.64654654264450	0.0036513989325613
0.64864861965179	0.0036629089154303
0.65075075626373	0.0036744154058397
0.65101277828217	0.0036758494097739
0.65285283327103	0.0036859184037894
0.65495496988297	0.0036974179092795
0.65705704689026	0.0037089139223099
0.65915918350220	0.0037204066757113
0.66126126050949	0.0037318957038224
0.66336333751678	0.0037433812394738
0.66546547412872	0.0037548632826656
0.66756755113602	0.0037663418333977
0.66966968774796	0.0037778166588396
0.67165976762772	0.0037886770442128
0.67177176475525	0.0037892882246524
0.67387390136719	0.0038007560651749
0.67597597837448	0.0038122201804072
0.67807805538177	0.0038236810360104
0.68018019199371	0.0038351381663233
0.68228226900101	0.0038465915713459
0.68438440561295	0.0038580414839089
0.68648648262024	0.0038694876711816
0.68858855962753	0.0038809303659946
0.69069069623947	0.0038923693355173
0.69279277324677	0.0039038048125803
0.69296157360077	0.0039047226309776
0.69489490985870	0.0039152363315225
0.69699698686600	0.0039266645908356
0.69909912347794	0.0039380886591971
0.70120120048523	0.0039495094679296
0.70330327749252	0.0039609265513718
0.70540541410446	0.0039723394438624
0.70750749111176	0.0039837490767241
0.70960962772369	0.0039951549842954
0.71171170473099	0.0040065571665764
0.71381384134293	0.0040179551579058
0.71493899822235	0.0040240548551083
0.71591591835022	0.0040293498896062
0.71801799535751	0.0040407408960164
0.72012013196945	0.0040521277114749
0.72222220897675	0.0040635108016431
0.72432434558868	0.0040748906321824
0.72642642259598	0.0040862662717700
0.72852849960327	0.0040976377204061
0.73063063621521	0.0041090059094131
0.73273271322250	0.0041203699074686
0.73483484983444	0.0041317301802337
0.73693692684174	0.0041430867277086
0.73761343955994	0.0041467407718301
0.73903906345367	0.0041544395498931
0.74114114046097	0.0041657881811261
0.74324321746826	0.0041771330870688
0.74534535408020	0.0041884738020599
0.74744743108749	0.0041998107917607
0.74954956769943	0.0042111440561712
0.75165164470673	0.0042224731296301
0.75375378131866	0.0042337984777987
0.75585585832596	0.0042451201006770
0.75795793533325	0.0042564375326037
0.76006007194519	0.0042677507735789
0.76100695133209	0.0042728455737233
0.76216214895248	0.0042790602892637
0.76426428556442	0.0042903656139970
0.76636636257172	0.0043016672134399
0.76846843957901	0.0043129646219313
0.77057057619095	0.0043242583051324
0.77267265319824	0.0043355477973819
0.77477478981018	0.0043468330986798
0.77687686681747	0.0043581146746874
0.77897900342941	0.0043693920597434
0.78108108043671	0.0043806652538478
0.78318315744400	0.0043919347226620
0.78514242172241	0.0044024344533682
0.78528529405594	0.0044032000005245
0.78738737106323	0.0044144610874355
0.78948950767517	0.0044257179833949
0.79159158468246	0.0044369711540639
0.79369372129440	0.0044482196681201
0.79579579830170	0.0044594644568861
0.79789787530899	0.0044707050547004
0.80000001192093	0.0044819414615631
0.80210208892822	0.0044931736774743
0.80420422554016	0.0045044021680951
0.80630630254745	0.0045156260021031
0.80840837955475	0.0045268456451595
0.81004339456558	0.0045355693437159
0.81051051616669	0.0045380615629256
0.81261259317398	0.0045492728240788
0.81471472978592	0.0045604798942804
0.81681680679321	0.0045716832391918
0.81891894340515	0.0045828819274902
0.82102102041245	0.0045940764248371
0.82312309741974	0.0046052667312324
0.82522523403168	0.0046164528466761
0.82732731103897	0.0046276347711682
0.82942944765091	0.0046388125047088
0.83153152465820	0.0046499855816364
0.83363366127014	0.0046611544676125
0.83573406934738	0.0046723107807338
0.83573573827744	0.0046723196282983
0.83783781528473	0.0046834796667099
0.83993995189667	0.0046946359798312
0.84204202890396	0.0047057876363397
0.84414416551590	0.0047169351018965
0.84624624252319	0.0047280783765018
0.84834831953049	0.0047392174601555
0.85045045614243	0.0047503518871963
0.85255253314972	0.0047614816576242
0.85465466976166	0.0047726077027619
0.85675674676895	0.0047837286256254
0.85885888338089	0.0047948458231986
0.86096096038818	0.0048059583641589
0.86223953962326	0.0048127151094377
0.86306303739548	0.0048170662485063
0.86516517400742	0.0048281704075634
0.86726725101471	0.0048392694443464
0.86936938762665	0.0048503642901778
0.87147146463394	0.0048614549450576
0.87357360124588	0.0048725409433246
0.87567567825317	0.0048836222849786
0.87777775526047	0.0048946994356811
0.87987989187241	0.0049057719297707
0.88198196887970	0.0049168397672474
0.88408410549164	0.0049279034137726
0.88618618249893	0.0049389624036849
0.88828825950623	0.0049500172026455
0.88958561420441	0.0049568372778594
0.89039039611816	0.0049610673449934
0.89249247312546	0.0049721128307283
0.89459460973740	0.0049831536598504
0.89669668674469	0.0049941902980208
0.89879882335663	0.0050052218139172
0.90090090036392	0.0050162491388619
0.90300297737122	0.0050272722728550
0.90510511398315	0.0050382902845740
0.90720719099045	0.0050493036396801
0.90930932760239	0.0050603128038347
0.91141140460968	0.0050713173113763
0.91351354122162	0.0050823166966438
0.91561561822891	0.0050933118909597
0.91771769523621	0.0051043024286628
0.91779899597168	0.0051047275774181
0.91981983184814	0.0051152883097529
0.92192190885544	0.0051262695342302
0.92402404546738	0.0051372461020947
0.92612612247467	0.0051482180133462
0.92822819948196	0.0051591852679849
0.93033033609390	0.0051701478660107
0.93243241310120	0.0051811053417623
0.93453454971313	0.0051920586265624
0.93663662672043	0.0052030072547495
0.93873876333237	0.0052139507606626
0.94084084033966	0.0052248896099627
0.94294291734695	0.0052358238026500
0.94504505395889	0.0052467533387244
0.94690716266632	0.0052564311772585
0.94714713096619	0.0052576782181859
0.94924926757812	0.0052685984410346
0.95135134458542	0.0052795135416090
0.95345348119736	0.0052904239855707
0.95555555820465	0.0053013297729194
0.95765763521194	0.0053122304379940
0.95975977182388	0.0053231264464557
0.96186184883118	0.0053340177983046
0.96396398544312	0.0053449040278792
0.96606606245041	0.0053557860665023
0.96816813945770	0.0053666625171900
0.97027027606964	0.0053775347769260
0.97237235307693	0.0053884019143879
0.97447448968887	0.0053992639295757
0.97657656669617	0.0054101212881505
0.97693848609924	0.0054119904525578
0.97867870330811	0.0054209739901125
0.98078078031540	0.0054318215698004
0.98288285732269	0.0054426640272141
0.98498499393463	0.0054535018280149
0.98708707094193	0.0054643349722028
0.98918920755386	0.0054751629941165
0.99129128456116	0.0054859858937562
0.99339342117310	0.0054968041367829
0.99549549818039	0.0055076172575355
0.99759757518768	0.0055184257216752
0.99969971179962	0.0055292290635407
1.0018018484116	0.0055400272831321
1.0039038658142	0.0055508208461106
1.0060060024261	0.0055616092868149
1.0079222917557	0.0055714398622513
1.0081081390381	0.0055723926052451
1.0102101564407	0.0055831712670624
1.0123122930527	0.0055939448066056
1.0144144296646	0.0056047132238746
1.0165165662766	0.0056154765188694
1.0186185836792	0.0056262346915901
1.0207207202911	0.0056369882076979
1.0228228569031	0.0056477366015315
1.0249248743057	0.0056584798730910
1.0270270109177	0.0056692180223763
1.0291291475296	0.0056799510493875
1.0312312841415	0.0056906794197857
1.0333333015442	0.0057014022022486
1.0354354381561	0.0057121198624372
1.0375375747681	0.0057228328660131
1.0396395921707	0.0057335407473147
1.0398887395859	0.0057348092086613
1.0417417287827	0.0057442430406809
1.0438438653946	0.0057549406774342
1.0459460020065	0.0057656331919134
1.0480480194092	0.0057763201184571
1.0501501560211	0.0057870023883879
1.0522522926331	0.0057976790703833
1.0543543100357	0.0058083510957658
1.0564564466476	0.0058190175332129
1.0585585832596	0.0058296793140471
1.0606607198715	0.0058403355069458
1.0627627372742	0.0058509865775704
1.0648648738861	0.0058616325259209
1.0669670104980	0.0058722728863358
1.0690690279007	0.0058829085901380
1.0711711645126	0.0058935387060046
1.0728690624237	0.0059021208435297
1.0732733011246	0.0059041636995971
1.0753753185272	0.0059147835709155
1.0774774551392	0.0059253983199596
1.0795795917511	0.0059360074810684
1.0816817283630	0.0059466115199029
1.0837837457657	0.0059572104364634
1.0858858823776	0.0059678037650883
1.0879880189896	0.0059783919714391
1.0900900363922	0.0059889750555158
1.0921921730042	0.0059995530173182
1.0942943096161	0.0060101253911853
1.0963964462280	0.0060206921771169
1.0984984636307	0.0060312538407743
1.1006006002426	0.0060418103821576
1.1027027368546	0.0060523618012667
1.1048047542572	0.0060629071667790
1.1068952083588	0.0060733896680176
1.1069068908691	0.0060734478756785
1.1090090274811	0.0060839829966426
1.1111111640930	0.0060945125296712
1.1132131814957	0.0061050369404256
1.1153153181076	0.0061155562289059
1.1174174547195	0.0061260699294508
1.1195194721222	0.0061365780420601
1.1216216087341	0.0061470810323954
1.1237237453461	0.0061575784347951
1.1258258819580	0.0061680702492595
1.1279278993607	0.0061785569414496
1.1300300359726	0.0061890380457044
1.1321321725845	0.0061995140276849
1.1342341899872	0.0062099844217300
1.1363363265991	0.0062204492278397
1.1384384632111	0.0062309089116752
1.1405405998230	0.0062413625419140
1.1420006752014	0.0062486208043993
1.1426426172256	0.0062518110498786
1.1447447538376	0.0062622544355690
1.1468468904495	0.0062726917676628
1.1489489078522	0.0062831239774823
1.1510510444641	0.0062935505993664
1.1531531810760	0.0063039716333151
1.1552551984787	0.0063143875449896
1.1573573350906	0.0063247974030674
1.1594594717026	0.0063352021388710
1.1615616083145	0.0063456012867391
1.1636636257172	0.0063559948466718
1.1657657623291	0.0063663828186691
1.1678678989410	0.0063767652027309
1.1699699163437	0.0063871419988573
1.1720720529556	0.0063975136727095
1.1741741895676	0.0064078792929649
1.1762763261795	0.0064182393252850
1.1782194375992	0.0064278114587069
1.1783783435822	0.0064285942353308
1.1804804801941	0.0064389430917799
1.1825826168060	0.0064492868259549
1.1846846342087	0.0064596245065331
1.1867867708206	0.0064699565991759
1.1888889074326	0.0064802835695446
1.1909910440445	0.0064906044863164
1.1930930614471	0.0065009198151529
1.1951951980591	0.0065112295560539
1.1972973346710	0.0065215337090194
1.1993993520737	0.0065318322740495
1.2015014886856	0.0065421252511442
1.2036036252975	0.0065524121746421
1.2057057619095	0.0065626939758658
1.2078077793121	0.0065729697234929
1.2099099159241	0.0065832398831844
1.2120120525360	0.0065935044549406
1.2141140699387	0.0066037629730999
1.2155869007111	0.0066109471954405
1.2162162065506	0.0066140159033239
1.2183183431625	0.0066242637112737
1.2204204797745	0.0066345049999654
1.2225224971771	0.0066447411663830
1.2246246337891	0.0066549712792039
1.2267267704010	0.0066651958040893
1.2288287878036	0.0066754147410393
1.2309309244156	0.0066856276243925
1.2330330610275	0.0066958349198103
1.2351350784302	0.0067060366272926
1.2372372150421	0.0067162322811782
1.2393393516541	0.0067264223471284
1.2414414882660	0.0067366063594818
1.2435435056686	0.0067467847838998
1.2456456422806	0.0067569576203823
1.2477477788925	0.0067671244032681
1.2498497962952	0.0067772855982184
1.2519519329071	0.0067874407395720
1.2540540695190	0.0067975902929902
1.2541394233704	0.0067980024032295
1.2561562061310	0.0068077337928116
1.2582582235336	0.0068178717046976
1.2603603601456	0.0068280035629869
1.2624624967575	0.0068381298333406
1.2645645141602	0.0068482500500977
1.2666666507721	0.0068583646789193
1.2687687873840	0.0068684732541442
1.2708709239960	0.0068785757757723
1.2729729413986	0.0068886727094650
1.2750750780106	0.0068987635895610
1.2771772146225	0.0069088488817215
1.2792792320251	0.0069189281202853
1.2813813686371	0.0069290013052523
1.2834835052490	0.0069390689022839
1.2855856418610	0.0069491304457188
1.2876876592636	0.0069591859355569
1.2897897958755	0.0069692358374596
1.2918919324875	0.0069792796857655
1.2939146757126	0.0069889388978481
1.2939939498901	0.0069893174804747
1.2960960865021	0.0069993496872485
1.2981982231140	0.0070093753747642
1.3003003597260	0.0070193954743445
1.3024023771286	0.0070294095203280
1.3045045137405	0.0070394179783762
1.3066066503525	0.0070494199171662
1.3087086677551	0.0070594162680209
1.3108108043671	0.0070694065652788
1.3129129409790	0.0070793908089399
1.3150149583817	0.0070893689990044
1.3171170949936	0.0070993416011333
1.3192192316055	0.0071093076840043
1.3213213682175	0.0071192681789398
1.3234233856201	0.0071292226202786
1.3255255222321	0.0071391710080206
1.3276276588440	0.0071491128765047
1.3297296762466	0.0071590491570532
1.3318318128586	0.0071689793840051
1.3339339494705	0.0071789035573602
1.3349515199661	0.0071837054565549
1.3360360860825	0.0071888221427798
1.3381381034851	0.0071987342089415
1.3402402400970	0.0072086402215064
1.3423423767090	0.0072185401804745
1.3444443941116	0.0072284340858459
1.3465465307236	0.0072383219376206
1.3486486673355	0.0072482037357986
1.3507508039474	0.0072580794803798
1.3528528213501	0.0072679491713643
1.3549549579620	0.0072778128087521
1.3570570945740	0.0072876699268818
1.3591591119766	0.0072975214570761
1.3612612485886	0.0073073669336736
1.3633633852005	0.0073172058910131
1.3654655218124	0.0073270387947559
1.3675675392151	0.0073368656449020
1.3696696758270	0.0073466864414513
1.3717718124390	0.0073565011844039
1.3738738298416	0.0073663098737597
1.3759759664536	0.0073761120438576
1.3772897720337	0.0073822350241244
1.3780781030655	0.0073859081603587
1.3801802396774	0.0073956982232630
1.3822822570801	0.0074054822325706
1.3843843936920	0.0074152597226202
1.3864865303040	0.0074250316247344
1.3885885477066	0.0074347970075905
1.3906906843185	0.0074445558711886
1.3927928209305	0.0074543091468513
1.3948948383331	0.0074640559032559
1.3969969749451	0.0074737966060638
1.3990991115570	0.0074835307896137
1.4012012481689	0.0074932593852282
1.4033032655716	0.0075029809959233
1.4054054021835	0.0075126970186830
1.4075075387955	0.0075224065221846
1.4096095561981	0.0075321099720895
1.4117116928101	0.0075418069027364
1.4138138294220	0.0075514977797866
1.4159159660339	0.0075611826032400
1.4180179834366	0.0075708609074354
1.4201201200485	0.0075805331580341
1.4209706783295	0.0075844451785088
1.4222222566605	0.0075901988893747
1.4243242740631	0.0075998585671186
1.4264264106750	0.0076095121912658
1.4285285472870	0.0076191588304937
1.4306306838989	0.0076287998817861
1.4327327013016	0.0076384344138205
1.4348348379135	0.0076480624265969
1.4369369745255	0.0076576843857765
1.4390389919281	0.0076673002913594
1.4411411285400	0.0076769096776843
1.4432432651520	0.0076865125447512
1.4453454017639	0.0076961093582213
1.4474474191666	0.0077056996524334
1.4495495557785	0.0077152838930488
1.4516516923904	0.0077248616144061
1.4537537097931	0.0077344332821667
1.4558558464050	0.0077439984306693
1.4579579830170	0.0077535570599139
1.4600601196289	0.0077631096355617
1.4621621370316	0.0077726556919515
1.4642642736435	0.0077821956947446
1.4660370349884	0.0077902358025312
1.4663664102554	0.0077917287126184
1.4684684276581	0.0078012556768954
1.4705705642700	0.0078107765875757
1.4726727008820	0.0078202905133367
1.4747747182846	0.0078297983855009
1.4768768548965	0.0078393006697297
1.4789789915085	0.0078487955033779
1.4810811281204	0.0078582838177681
1.4831831455231	0.0078677665442228
1.4852852821350	0.0078772427514195
1.4873874187469	0.0078867124393582
1.4894894361496	0.0078961756080389
1.4915915727615	0.0079056322574615
1.4936937093735	0.0079150823876262
1.4957958459854	0.0079245259985328
1.4978978633881	0.0079339640215039
1.5000000000000	0.0079433945938945
1.5021021366119	0.0079528195783496
1.5042041540146	0.0079622380435467
1.5063062906265	0.0079716499894857
1.5084084272385	0.0079810544848442
1.5105105638504	0.0079904533922672
1.5125327110291	0.0079994890838861
1.5126125812531	0.0079998457804322
1.5147147178650	0.0080092316493392
1.5168168544769	0.0080186119303107
1.5189188718796	0.0080279847607017
1.5210210084915	0.0080373510718346
1.5231231451035	0.0080467108637094
1.5252252817154	0.0080560650676489
1.5273272991180	0.0080654118210077
1.5294294357300	0.0080747520551085
1.5315315723419	0.0080840867012739
1.5336335897446	0.0080934138968587
1.5357357263565	0.0081027355045080
1.5378378629684	0.0081120496615767
1.5399398803711	0.0081213582307100
1.5420420169830	0.0081306593492627
1.5441441535950	0.0081399548798800
1.5462462902069	0.0081492429599166
1.5483483076096	0.0081585254520178
1.5504504442215	0.0081678004935384
1.5525525808334	0.0081770699471235
1.5546545982361	0.0081863319501281
1.5567567348480	0.0081955883651972
1.5588588714600	0.0082048373296857
1.5605030059814	0.0082120671868324
1.5609610080719	0.0082140807062387
1.5630630254745	0.0082233166322112
1.5651651620865	0.0082325460389256
1.5672672986984	0.0082417698577046
1.5693693161011	0.0082509862259030
1.5714714527130	0.0082601960748434
1.5735735893250	0.0082693994045258
1.5756757259369	0.0082785962149501
1.5777777433395	0.0082877865061164
1.5798798799515	0.0082969702780247
1.5819820165634	0.0083061475306749
1.5840840339661	0.0083153182640672
1.5861861705780	0.0083244815468788
1.5882883071899	0.0083336392417550
1.5903904438019	0.0083427894860506
1.5924924612045	0.0083519341424108
1.5945945978165	0.0083610713481903
1.5966967344284	0.0083702020347118
1.5987987518311	0.0083793262019753
1.6009008884430	0.0083884438499808
1.6030030250549	0.0083975549787283
1.6051051616669	0.0084066595882177
1.6072071790695	0.0084157576784492
1.6093093156815	0.0084248483181000
1.6099946498871	0.0084278108552098
1.6114114522934	0.0084339324384928
1.6135134696960	0.0084430109709501
1.6156156063080	0.0084520820528269
1.6177177429199	0.0084611466154456
1.6198197603226	0.0084702046588063
1.6219218969345	0.0084792552515864
1.6240240335464	0.0084883002564311
1.6261261701584	0.0084973378106952
1.6282281875610	0.0085063688457012
1.6303303241730	0.0085153942927718
1.6324324607849	0.0085244113579392
1.6345344781876	0.0085334228351712
1.6366366147995	0.0085424277931452
1.6387387514114	0.0085514253005385
1.6408408880234	0.0085604162886739
1.6429429054260	0.0085694007575512
1.6450450420380	0.0085783787071705
1.6471471786499	0.0085873501375318
1.6492491960526	0.0085963141173124
1.6513513326645	0.0086052715778351
1.6534534692764	0.0086142225190997
1.6555556058884	0.0086231669411063
1.6576576232910	0.0086321048438549
1.6597597599030	0.0086410352960229
1.6610559225082	0.0086465384811163
1.6618618965149	0.0086499592289329
1.6639639139175	0.0086588766425848
1.6660660505295	0.0086677875369787
1.6681681871414	0.0086766919121146
1.6702703237534	0.0086855888366699
1.6723723411560	0.0086944792419672
1.6744744777679	0.0087033631280065
1.6765766143799	0.0087122395634651
1.6786786317825	0.0087211104109883
1.6807807683945	0.0087299738079309
1.6828829050064	0.0087388306856155
1.6849850416183	0.0087476801127195
1.6870870590210	0.0087565230205655
1.6891891956329	0.0087653603404760
1.6912913322449	0.0087741892784834
1.6933933496475	0.0087830126285553
1.6954954862595	0.0087918285280466
1.6975976228714	0.0088006379082799
1.6996996402740	0.0088094407692552
1.7018017768860	0.0088182361796498
1.7039039134979	0.0088270250707865
1.7060060501099	0.0088358074426651
1.7081080675125	0.0088445832952857
1.7102102041245	0.0088533516973257
1.7123123407364	0.0088621135801077
1.7137366533279	0.0088680470362306
1.7144143581390	0.0088708689436316
1.7165164947510	0.0088796168565750
1.7186186313629	0.0088883582502604
1.7207207679749	0.0088970931246877
1.7228227853775	0.0089058214798570
1.7249249219894	0.0089145423844457
1.7270270586014	0.0089232567697763
1.7291290760040	0.0089319637045264
1.7312312126160	0.0089406641200185
1.7333333492279	0.0089493580162525
1.7354354858398	0.0089580453932285
1.7375375032425	0.0089667253196239
1.7396396398544	0.0089753987267613
1.7417417764664	0.0089840656146407
1.7438437938690	0.0089927250519395
1.7459459304810	0.0090013779699802
1.7480480670929	0.0090100234374404
1.7501502037048	0.0090186623856425
1.7522522211075	0.0090272948145866
1.7543543577194	0.0090359207242727
1.7564564943314	0.0090445391833782
1.7585585117340	0.0090531511232257
1.7606606483459	0.0090617556124926
1.7627627849579	0.0090703535825014
1.7648649215698	0.0090789450332522
1.7669669389725	0.0090875290334225
1.7680881023407	0.0090921046212316
1.7690690755844	0.0090961065143347
1.7711712121964	0.0091046774759889
1.7732732295990	0.0091132409870625
1.7753753662109	0.0091217979788780
1.7774775028229	0.0091303475201130
1.7795795202255	0.0091388905420899
1.7816816568375	0.0091474270448089
1.7837837934494	0.0091559560969472
1.7858859300613	0.0091644786298275
1.7879879474640	0.0091729946434498
1.7900900840759	0.0091815032064915
1.7921922206879	0.0091900043189526
1.7942942380905	0.0091984998434782
1.7963963747025	0.0092069879174232
1.7984985113144	0.0092154685407877
1.8006006479263	0.0092239426448941
1.8027026653290	0.0092324102297425
1.8048048019409	0.0092408703640103
1.8069069385529	0.0092493239790201
1.8090089559555	0.0092577701434493
1.8111110925674	0.0092662097886205
1.8132132291794	0.0092746429145336
1.8153153657913	0.0092830685898662
1.8174173831940	0.0092914877459407
1.8195195198059	0.0092998994514346
1.8216216564178	0.0093083046376705
1.8237236738205	0.0093167023733258
1.8241633176804	0.0093184579163790
1.8258258104324	0.0093250935897231
1.8279279470444	0.0093334782868624
1.8300300836563	0.0093418555334210
1.8321321010590	0.0093502253293991
1.8342342376709	0.0093585895374417
1.8363363742828	0.0093669453635812
1.8384383916855	0.0093752956017852
1.8405405282974	0.0093836383894086
1.8426426649094	0.0093919737264514
1.8447448015213	0.0094003025442362
1.8468468189240	0.0094086239114404
1.8489489555359	0.0094169387593865
1.8510510921478	0.0094252470880747
1.8531531095505	0.0094335479661822
1.8552552461624	0.0094418423250318
1.8573573827744	0.0094501292333007
1.8594594001770	0.0094584096223116
1.8615615367889	0.0094666825607419
1.8636636734009	0.0094749489799142
1.8657658100128	0.0094832079485059
1.8678678274155	0.0094914603978395
1.8699699640274	0.0094997053965926
1.8720721006393	0.0095079438760877
1.8741741180420	0.0095161749050021
1.8762762546539	0.0095243994146585
1.8783783912659	0.0095326164737344
1.8804805278778	0.0095408270135522
1.8820170164108	0.0095468247309327
1.8825825452805	0.0095490310341120
1.8846846818924	0.0095572266727686
1.8867868185043	0.0095654167234898
1.8888888359070	0.0095735993236303
1.8909909725189	0.0095817744731903
1.8930931091309	0.0095899431034923
1.8951952457428	0.0095981042832136
1.8972972631454	0.0096062589436769
1.8993993997574	0.0096144070848823
1.9015015363693	0.0096225477755070
1.9036035537720	0.0096306810155511
1.9057056903839	0.0096388077363372
1.9078078269958	0.0096469270065427
1.9099099636078	0.0096550397574902
1.9120119810104	0.0096631450578570
1.9141141176224	0.0096712438389659
1.9162162542343	0.0096793351694942
1.9183182716370	0.0096874199807644
1.9204204082489	0.0096954973414540
1.9225225448608	0.0097035681828856
1.9246246814728	0.0097116315737367
1.9267266988754	0.0097196884453297
1.9288288354874	0.0097277378663421
1.9309309720993	0.0097357807680964
1.9330329895020	0.0097438162192702
1.9351351261139	0.0097518442198634
1.9372372627258	0.0097598657011986
1.9393392801285	0.0097678806632757
1.9414414167404	0.0097758881747723
1.9417055845261	0.0097768940031528
1.9435435533524	0.0097838882356882
1.9456456899643	0.0097918817773461
1.9477477073669	0.0097998678684235
1.9498498439789	0.0098078474402428
1.9519519805908	0.0098158195614815
1.9540539979935	0.0098237851634622
1.9561561346054	0.0098317433148623
1.9582582712173	0.0098396949470043
1.9603604078293	0.0098476391285658
1.9624624252319	0.0098555758595467
1.9645645618439	0.0098635060712695
1.9666666984558	0.0098714288324118
1.9687687158585	0.0098793450742960
1.9708708524704	0.0098872547969222
1.9729729890823	0.0098951561376452
1.9750751256943	0.0099030509591103
1.9771771430969	0.0099109392613173
1.9792792797089	0.0099188201129436
1.9813814163208	0.0099266944453120
1.9834834337234	0.0099345603957772
1.9855855703354	0.0099424207583070
1.9876877069473	0.0099502736702561
1.9897898435593	0.0099581191316247
1.9918918609619	0.0099659571424127
1.9939939975739	0.0099737895652652
1.9960961341858	0.0099816136062145
1.9981981515884	0.0099894311279058
2.0003004074097	0.0099972411990166
2.0024023056030	0.010005044750869
2.0032870769501	0.010008326731622
2.0045044422150	0.010012840852141
2.0066065788269	0.010020630434155
2.0087087154388	0.010028412565589
2.0108108520508	0.010036188177764
2.0129129886627	0.010043956339359
2.0150151252747	0.010051717050374
2.0171170234680	0.010059471242130
2.0192191600800	0.010067217983305
2.0213212966919	0.010074958205223
2.0234234333038	0.010082690976560
2.0255255699158	0.010090416297317
2.0276277065277	0.010098135098815
2.0297298431396	0.010105846449733
2.0318317413330	0.010113551281393
2.0339338779449	0.010121248662472
2.0360360145569	0.010128938592970
2.0381381511688	0.010136622004211
2.0402402877808	0.010144298896194
2.0423424243927	0.010151967406273
2.0444445610046	0.010159630328417
2.0465464591980	0.010167284868658
2.0486485958099	0.010174932889640
2.0507507324219	0.010182574391365
2.0528528690338	0.010190207511187
2.0549550056458	0.010197835043073
2.0570571422577	0.010205454193056
2.0591590404510	0.010213066823781
2.0612611770630	0.010220672935247
2.0633633136749	0.010228271596134
2.0654654502869	0.010235862806439
2.0668218135834	0.010240756906569
2.0675675868988	0.010243446566164
2.0696697235107	0.010251023806632
2.0717718601227	0.010258594527841
2.0738737583160	0.010266157798469
2.0759758949280	0.010273713618517
2.0780780315399	0.010281262919307
2.0801801681519	0.010288804769516
2.0822823047638	0.010296339169145
2.0843844413757	0.010303867049515
2.0864865779877	0.010311387479305
2.0885884761810	0.010318901389837
2.0906906127930	0.010326407849789
2.0927927494049	0.010333906859159
2.0948948860168	0.010341399349272
2.0969970226288	0.010348885320127
2.0990991592407	0.010356362909079
2.1012012958527	0.010363833978772
2.1033031940460	0.010371298529208
2.1054053306580	0.010378754697740
2.1075074672699	0.010386205278337
2.1096096038818	0.010393647477031
2.1117117404938	0.010401083156466
2.1138138771057	0.010408512316644
2.1159160137177	0.010415933094919
2.1180179119110	0.010423348285258
2.1201200485229	0.010430755093694
2.1222221851349	0.010438155382872
2.1243243217468	0.010445549152792
2.1264264583588	0.010452934540808
2.1285285949707	0.010460313409567
2.1306307315826	0.010467685759068
2.1323714256287	0.010473784990609
2.1327326297760	0.010475050657988
2.1348347663879	0.010482408106327
2.1369369029999	0.010489759035408
2.1390390396118	0.010497102513909
2.1411411762238	0.010504439473152
2.1432433128357	0.010511768050492
2.1453454494476	0.010519091039896
2.1474473476410	0.010526405647397
2.1495494842529	0.010533714666963
2.1516516208649	0.010541015304625
2.1537537574768	0.010548309423029
2.1558558940887	0.010555596090853
2.1579580307007	0.010562876239419
2.1600601673126	0.010570148937404
2.1621620655060	0.010577414184809
2.1642642021179	0.010584672912955
2.1663663387299	0.010591924190521
2.1684684753418	0.010599168948829
2.1705706119537	0.010606406256557
2.1726727485657	0.010613636113703
2.1747748851776	0.010620859451592
2.1768767833710	0.010628075338900
2.1789789199829	0.010635283775628
2.1810810565948	0.010642485693097
2.1831831932068	0.010649681091309
2.1852853298187	0.010656868107617
2.1873874664307	0.010664049535990
2.1894896030426	0.010671222582459
2.1915915012360	0.010678389109671
2.1936936378479	0.010685548186302
2.1957957744598	0.010692700743675
2.1978979110718	0.010699845850468
2.2000000476837	0.010706983506680
2.2000000476837	0.010706983506680
