#
#"Frequency / THz"	"Eps' (Fit) [Real Part]"
#------------------------------------------
0.10000000149012	9.0225296020508
0.10210210084915	9.0225286483765
0.10317151993513	9.0225286483765
0.10420420765877	9.0225286483765
0.10630630701780	9.0225276947021
0.10644362121820	9.0225276947021
0.10840840637684	9.0225276947021
0.10981950163841	9.0225276947021
0.11051051318645	9.0225267410278
0.11261261254549	9.0225267410278
0.11330244690180	9.0225267410278
0.11471471190453	9.0225257873535
0.11681681871414	9.0225257873535
0.11689586192369	9.0225257873535
0.11891891807318	9.0225248336792
0.12060323357582	9.0225248336792
0.12102101743221	9.0225248336792
0.12312312424183	9.0225238800049
0.12442819029093	9.0225238800049
0.12522523105145	9.0225229263306
0.12732732295990	9.0225229263306
0.12837445735931	9.0225219726562
0.12942942976952	9.0225219726562
0.13153153657913	9.0225210189819
0.13244587182999	9.0225210189819
0.13363362848759	9.0225210189819
0.13573573529720	9.0225200653076
0.13664641976357	9.0225200653076
0.13783784210682	9.0225200653076
0.13993993401527	9.0225191116333
0.14098018407822	9.0225191116333
0.14204204082489	9.0225181579590
0.14414414763451	9.0225172042847
0.14545139670372	9.0225172042847
0.14624623954296	9.0225172042847
0.14834834635258	9.0225162506104
0.15006442368031	9.0225152969360
0.15045045316219	9.0225152969360
0.15255255997181	9.0225152969360
0.15465465188026	9.0225143432617
0.15482373535633	9.0225143432617
0.15675675868988	9.0225133895874
0.15885886549950	9.0225124359131
0.15973399579525	9.0225124359131
0.16096095740795	9.0225124359131
0.16306306421757	9.0225114822388
0.16480000317097	9.0225105285645
0.16516517102718	9.0225105285645
0.16726726293564	9.0225095748901
0.16936936974525	9.0225086212158
0.17002665996552	9.0225086212158
0.17147147655487	9.0225086212158
0.17357356846333	9.0225076675415
0.17541909217834	9.0225067138672
0.17567567527294	9.0225067138672
0.17777778208256	9.0225057601929
0.17987987399101	9.0225048065186
0.18098254501820	9.0225048065186
0.18198198080063	9.0225038528442
0.18408408761024	9.0225028991699
0.18618617951870	9.0225019454956
0.18672242760658	9.0225019454956
0.18828828632832	9.0225019454956
0.19039039313793	9.0225009918213
0.19249248504639	9.0225000381470
0.19264437258244	9.0225000381470
0.19459459185600	9.0224990844727
0.19669669866562	9.0224981307983
0.19875413179398	9.0224971771240
0.19879880547523	9.0224971771240
0.20090089738369	9.0224962234497
0.20300300419331	9.0224952697754
0.20505765080452	9.0224943161011
0.20510511100292	9.0224943161011
0.20720720291138	9.0224933624268
0.20930930972099	9.0224924087524
0.21141141653061	9.0224914550781
0.21156109869480	9.0224914550781
0.21351350843906	9.0224905014038
0.21561561524868	9.0224895477295
0.21771772205830	9.0224885940552
0.21827079355717	9.0224885940552
0.21981981396675	9.0224876403809
0.22192192077637	9.0224866867065
0.22402402758598	9.0224857330322
0.22519329190254	9.0224847793579
0.22612611949444	9.0224847793579
0.22822822630405	9.0224828720093
0.23033033311367	9.0224819183350
0.23233534395695	9.0224809646606
0.23243242502213	9.0224809646606
0.23453453183174	9.0224800109863
0.23663663864136	9.0224790573120
0.23873874545097	9.0224781036377
0.23970389366150	9.0224771499634
0.24084083735943	9.0224771499634
0.24294294416904	9.0224752426147
0.24504505097866	9.0224742889404
0.24714714288712	9.0224733352661
0.24730615317822	9.0224733352661
0.24924924969673	9.0224723815918
0.25135135650635	9.0224714279175
0.25345346331596	9.0224695205688
0.25514951348305	9.0224685668945
0.25555557012558	9.0224685668945
0.25765764713287	9.0224676132202
0.25975975394249	9.0224666595459
0.26186186075211	9.0224657058716
0.26324161887169	9.0224647521973
0.26396396756172	9.0224637985229
0.26606607437134	9.0224628448486
0.26816818118095	9.0224618911743
0.27027025818825	9.0224599838257
0.27159038186073	9.0224599838257
0.27237236499786	9.0224590301514
0.27447447180748	9.0224580764771
0.27657657861710	9.0224561691284
0.27867868542671	9.0224552154541
0.28020393848419	9.0224542617798
0.28078079223633	9.0224542617798
0.28288286924362	9.0224523544312
0.28498497605324	9.0224514007568
0.28708708286285	9.0224504470825
0.28909066319466	9.0224485397339
0.28918918967247	9.0224485397339
0.29129129648209	9.0224475860596
0.29339340329170	9.0224456787109
0.29549551010132	9.0224447250366
0.29759758710861	9.0224437713623
0.29825922846794	9.0224428176880
0.29969969391823	9.0224418640137
0.30180180072784	9.0224409103394
0.30390390753746	9.0224390029907
0.30600601434708	9.0224380493164
0.30771857500076	9.0224370956421
0.30810812115669	9.0224361419678
0.31021019816399	9.0224351882935
0.31231230497360	9.0224332809448
0.31441441178322	9.0224323272705
0.31651651859283	9.0224304199219
0.31747791171074	9.0224304199219
0.31861862540245	9.0224294662476
0.32072073221207	9.0224275588989
0.32282280921936	9.0224266052246
0.32492491602898	9.0224246978760
0.32702702283859	9.0224237442017
0.32754680514336	9.0224227905273
0.32912912964821	9.0224218368530
0.33123123645782	9.0224199295044
0.33333334326744	9.0224189758301
0.33543545007706	9.0224170684814
0.33753752708435	9.0224161148071
0.33793500065804	9.0224151611328
0.33963963389397	9.0224142074585
0.34174174070358	9.0224123001099
0.34384384751320	9.0224113464355
0.34594595432281	9.0224094390869
0.34804806113243	9.0224075317383
0.34865266084671	9.0224075317383
0.35015013813972	9.0224065780640
0.35225224494934	9.0224046707153
0.35435435175896	9.0224027633667
0.35645645856857	9.0224008560181
0.35855856537819	9.0223999023438
0.35971027612686	9.0223989486694
0.36066067218781	9.0223979949951
0.36276274919510	9.0223960876465
0.36486485600471	9.0223951339722
0.36696696281433	9.0223932266235
0.36906906962395	9.0223913192749
0.37111854553223	9.0223894119263
0.37117117643356	9.0223894119263
0.37327328324318	9.0223875045776
0.37537539005280	9.0223865509033
0.37747746706009	9.0223846435547
0.37957957386971	9.0223827362061
0.38168168067932	9.0223808288574
0.38288864493370	9.0223798751831
0.38378378748894	9.0223789215088
0.38588589429855	9.0223779678345
0.38798800110817	9.0223760604858
0.39009007811546	9.0223741531372
0.39219218492508	9.0223722457886
0.39429429173470	9.0223703384399
0.39503201842308	9.0223693847656
0.39639639854431	9.0223684310913
0.39849850535393	9.0223665237427
0.40060061216354	9.0223646163940
0.40270268917084	9.0223627090454
0.40480479598045	9.0223608016968
0.40690690279007	9.0223598480225
0.40756052732468	9.0223588943481
0.40900900959969	9.0223579406738
0.41111111640930	9.0223560333252
0.41321322321892	9.0223541259766
0.41531533002853	9.0223522186279
0.41741740703583	9.0223503112793
0.41951951384544	9.0223484039307
0.42048639059067	9.0223474502563
0.42162162065506	9.0223464965820
0.42372372746468	9.0223445892334
0.42582583427429	9.0223426818848
0.42792794108391	9.0223407745361
0.43003001809120	9.0223379135132
0.43213212490082	9.0223360061646
0.43382221460342	9.0223350524902
0.43423423171043	9.0223340988159
0.43633633852005	9.0223321914673
0.43843844532967	9.0223302841187
0.44054055213928	9.0223283767700
0.44264262914658	9.0223264694214
0.44474473595619	9.0223245620728
0.44684684276581	9.0223226547241
0.44758096337318	9.0223217010498
0.44894894957542	9.0223207473755
0.45105105638504	9.0223178863525
0.45315316319466	9.0223159790039
0.45525527000427	9.0223140716553
0.45735734701157	9.0223121643066
0.45945945382118	9.0223102569580
0.46156156063080	9.0223073959351
0.46177607774734	9.0223073959351
0.46366366744041	9.0223054885864
0.46576577425003	9.0223035812378
0.46786788105965	9.0223016738892
0.46996995806694	9.0222997665405
0.47207206487656	9.0222969055176
0.47417417168617	9.0222949981689
0.47627627849579	9.0222930908203
0.47642138600349	9.0222930908203
0.47837838530540	9.0222911834717
0.48048049211502	9.0222883224487
0.48258256912231	9.0222864151001
0.48468467593193	9.0222845077515
0.48678678274155	9.0222816467285
0.48888888955116	9.0222797393799
0.49099099636078	9.0222778320312
0.49153119325638	9.0222768783569
0.49309310317039	9.0222749710083
0.49519520998001	9.0222730636597
0.49729728698730	9.0222711563110
0.49939939379692	9.0222682952881
0.50150150060654	9.0222663879395
0.50360357761383	9.0222635269165
0.50570571422577	9.0222616195679
0.50712019205093	9.0222597122192
0.50780779123306	9.0222597122192
0.50990992784500	9.0222568511963
0.51201200485229	9.0222549438477
0.51411414146423	9.0222520828247
0.51621621847153	9.0222501754761
0.51831829547882	9.0222473144531
0.52042043209076	9.0222454071045
0.52252250909805	9.0222425460815
0.52320361137390	9.0222425460815
0.52462464570999	9.0222406387329
0.52672672271729	9.0222377777100
0.52882879972458	9.0222358703613
0.53093093633652	9.0222330093384
0.53303301334381	9.0222311019897
0.53513514995575	9.0222282409668
0.53723722696304	9.0222263336182
0.53933936357498	9.0222234725952
0.53979712724686	9.0222234725952
0.54144144058228	9.0222215652466
0.54354351758957	9.0222187042236
0.54564565420151	9.0222167968750
0.54774773120880	9.0222139358521
0.54984986782074	9.0222110748291
0.55195194482803	9.0222091674805
0.55405408143997	9.0222063064575
0.55615615844727	9.0222043991089
0.55691689252853	9.0222034454346
0.55825823545456	9.0222015380859
0.56036037206650	9.0221986770630
0.56246244907379	9.0221967697144
0.56456458568573	9.0221939086914
0.56666666269302	9.0221910476685
0.56876873970032	9.0221891403198
0.57087087631226	9.0221862792969
0.57297295331955	9.0221834182739
0.57457959651947	9.0221815109253
0.57507508993149	9.0221805572510
0.57717716693878	9.0221786499023
0.57927930355072	9.0221757888794
0.58138138055801	9.0221729278564
0.58348345756531	9.0221700668335
0.58558559417725	9.0221681594849
0.58768767118454	9.0221652984619
0.58978980779648	9.0221624374390
0.59189188480377	9.0221595764160
0.59280252456665	9.0221586227417
0.59399402141571	9.0221567153931
0.59609609842300	9.0221548080444
0.59819817543030	9.0221519470215
0.60030031204224	9.0221490859985
0.60240238904953	9.0221462249756
0.60450452566147	9.0221433639526
0.60660660266876	9.0221405029297
0.60870867967606	9.0221385955811
0.61081081628799	9.0221357345581
0.61160331964493	9.0221347808838
0.61291289329529	9.0221328735352
0.61501502990723	9.0221300125122
0.61711710691452	9.0221271514893
0.61921924352646	9.0221242904663
0.62132132053375	9.0221214294434
0.62342339754105	9.0221185684204
0.62552553415298	9.0221157073975
0.62762761116028	9.0221128463745
0.62972974777222	9.0221099853516
0.63100045919418	9.0221090316772
0.63183182477951	9.0221071243286
0.63393396139145	9.0221042633057
0.63603603839874	9.0221014022827
0.63813811540604	9.0220985412598
0.64024025201797	9.0220956802368
0.64234232902527	9.0220928192139
0.64444446563721	9.0220899581909
0.64654654264450	9.0220870971680
0.64864861965179	9.0220842361450
0.65075075626373	9.0220813751221
0.65101277828217	9.0220813751221
0.65285283327103	9.0220785140991
0.65495496988297	9.0220756530762
0.65705704689026	9.0220727920532
0.65915918350220	9.0220699310303
0.66126126050949	9.0220670700073
0.66336333751678	9.0220642089844
0.66546547412872	9.0220613479614
0.66756755113602	9.0220575332642
0.66966968774796	9.0220546722412
0.67165976762772	9.0220518112183
0.67177176475525	9.0220518112183
0.67387390136719	9.0220489501953
0.67597597837448	9.0220460891724
0.67807805538177	9.0220432281494
0.68018019199371	9.0220394134521
0.68228226900101	9.0220365524292
0.68438440561295	9.0220336914062
0.68648648262024	9.0220308303833
0.68858855962753	9.0220279693604
0.69069069623947	9.0220241546631
0.69279277324677	9.0220212936401
0.69296157360077	9.0220212936401
0.69489490985870	9.0220184326172
0.69699698686600	9.0220155715942
0.69909912347794	9.0220117568970
0.70120120048523	9.0220088958740
0.70330327749252	9.0220060348511
0.70540541410446	9.0220031738281
0.70750749111176	9.0219993591309
0.70960962772369	9.0219964981079
0.71171170473099	9.0219936370850
0.71381384134293	9.0219898223877
0.71493899822235	9.0219879150391
0.71591591835022	9.0219869613647
0.71801799535751	9.0219841003418
0.72012013196945	9.0219802856445
0.72222220897675	9.0219774246216
0.72432434558868	9.0219736099243
0.72642642259598	9.0219707489014
0.72852849960327	9.0219678878784
0.73063063621521	9.0219640731812
0.73273271322250	9.0219612121582
0.73483484983444	9.0219573974609
0.73693692684174	9.0219545364380
0.73761343955994	9.0219535827637
0.73903906345367	9.0219516754150
0.74114114046097	9.0219478607178
0.74324321746826	9.0219449996948
0.74534535408020	9.0219411849976
0.74744743108749	9.0219383239746
0.74954956769943	9.0219345092773
0.75165164470673	9.0219316482544
0.75375378131866	9.0219278335571
0.75585585832596	9.0219249725342
0.75795793533325	9.0219211578369
0.76006007194519	9.0219182968140
0.76100695133209	9.0219163894653
0.76216214895248	9.0219144821167
0.76426428556442	9.0219116210938
0.76636636257172	9.0219078063965
0.76846843957901	9.0219039916992
0.77057057619095	9.0219011306763
0.77267265319824	9.0218973159790
0.77477478981018	9.0218944549561
0.77687686681747	9.0218906402588
0.77897900342941	9.0218868255615
0.78108108043671	9.0218839645386
0.78318315744400	9.0218801498413
0.78514242172241	9.0218772888184
0.78528529405594	9.0218772888184
0.78738737106323	9.0218734741211
0.78948950767517	9.0218696594238
0.79159158468246	9.0218667984009
0.79369372129440	9.0218629837036
0.79579579830170	9.0218591690063
0.79789787530899	9.0218563079834
0.80000001192093	9.0218524932861
0.80210208892822	9.0218486785889
0.80420422554016	9.0218448638916
0.80630630254745	9.0218420028687
0.80840837955475	9.0218381881714
0.81004339456558	9.0218353271484
0.81051051616669	9.0218343734741
0.81261259317398	9.0218305587769
0.81471472978592	9.0218276977539
0.81681680679321	9.0218238830566
0.81891894340515	9.0218200683594
0.82102102041245	9.0218162536621
0.82312309741974	9.0218133926392
0.82522523403168	9.0218095779419
0.82732731103897	9.0218057632446
0.82942944765091	9.0218019485474
0.83153152465820	9.0217981338501
0.83363366127014	9.0217943191528
0.83573406934738	9.0217914581299
0.83573573827744	9.0217914581299
0.83783781528473	9.0217876434326
0.83993995189667	9.0217838287354
0.84204202890396	9.0217800140381
0.84414416551590	9.0217761993408
0.84624624252319	9.0217723846436
0.84834831953049	9.0217685699463
0.85045045614243	9.0217647552490
0.85255253314972	9.0217609405518
0.85465466976166	9.0217580795288
0.85675674676895	9.0217542648315
0.85885888338089	9.0217504501343
0.86096096038818	9.0217466354370
0.86223953962326	9.0217437744141
0.86306303739548	9.0217428207397
0.86516517400742	9.0217390060425
0.86726725101471	9.0217351913452
0.86936938762665	9.0217313766479
0.87147146463394	9.0217275619507
0.87357360124588	9.0217237472534
0.87567567825317	9.0217199325562
0.87777775526047	9.0217161178589
0.87987989187241	9.0217123031616
0.88198196887970	9.0217084884644
0.88408410549164	9.0217046737671
0.88618618249893	9.0217008590698
0.88828825950623	9.0216970443726
0.88958561420441	9.0216941833496
0.89039039611816	9.0216922760010
0.89249247312546	9.0216884613037
0.89459460973740	9.0216846466064
0.89669668674469	9.0216808319092
0.89879882335663	9.0216770172119
0.90090090036392	9.0216732025146
0.90300297737122	9.0216693878174
0.90510511398315	9.0216655731201
0.90720719099045	9.0216617584229
0.90930932760239	9.0216569900513
0.91141140460968	9.0216531753540
0.91351354122162	9.0216493606567
0.91561561822891	9.0216455459595
0.91771769523621	9.0216417312622
0.91779899597168	9.0216417312622
0.91981983184814	9.0216379165649
0.92192190885544	9.0216331481934
0.92402404546738	9.0216293334961
0.92612612247467	9.0216255187988
0.92822819948196	9.0216217041016
0.93033033609390	9.0216169357300
0.93243241310120	9.0216131210327
0.93453454971313	9.0216093063354
0.93663662672043	9.0216054916382
0.93873876333237	9.0216007232666
0.94084084033966	9.0215969085693
0.94294291734695	9.0215930938721
0.94504505395889	9.0215892791748
0.94690716266632	9.0215854644775
0.94714713096619	9.0215845108032
0.94924926757812	9.0215806961060
0.95135134458542	9.0215768814087
0.95345348119736	9.0215721130371
0.95555555820465	9.0215682983398
0.95765763521194	9.0215644836426
0.95975977182388	9.0215597152710
0.96186184883118	9.0215559005737
0.96396398544312	9.0215520858765
0.96606606245041	9.0215473175049
0.96816813945770	9.0215435028076
0.97027027606964	9.0215387344360
0.97237235307693	9.0215349197388
0.97447448968887	9.0215311050415
0.97657656669617	9.0215263366699
0.97693848609924	9.0215253829956
0.97867870330811	9.0215225219727
0.98078078031540	9.0215177536011
0.98288285732269	9.0215139389038
0.98498499393463	9.0215091705322
0.98708707094193	9.0215053558350
0.98918920755386	9.0215005874634
0.99129128456116	9.0214967727661
0.99339342117310	9.0214929580688
0.99549549818039	9.0214881896973
0.99759757518768	9.0214843750000
0.99969971179962	9.0214796066284
1.0018018484116	9.0214748382568
1.0039038658142	9.0214710235596
1.0060060024261	9.0214662551880
1.0079222917557	9.0214624404907
1.0081081390381	9.0214624404907
1.0102101564407	9.0214576721191
1.0123122930527	9.0214538574219
1.0144144296646	9.0214490890503
1.0165165662766	9.0214452743530
1.0186185836792	9.0214405059814
1.0207207202911	9.0214357376099
1.0228228569031	9.0214319229126
1.0249248743057	9.0214271545410
1.0270270109177	9.0214233398438
1.0291291475296	9.0214185714722
1.0312312841415	9.0214138031006
1.0333333015442	9.0214099884033
1.0354354381561	9.0214052200317
1.0375375747681	9.0214004516602
1.0396395921707	9.0213966369629
1.0398887395859	9.0213956832886
1.0417417287827	9.0213918685913
1.0438438653946	9.0213871002197
1.0459460020065	9.0213832855225
1.0480480194092	9.0213785171509
1.0501501560211	9.0213737487793
1.0522522926331	9.0213699340820
1.0543543100357	9.0213651657104
1.0564564466476	9.0213603973389
1.0585585832596	9.0213565826416
1.0606607198715	9.0213518142700
1.0627627372742	9.0213470458984
1.0648648738861	9.0213422775269
1.0669670104980	9.0213384628296
1.0690690279007	9.0213336944580
1.0711711645126	9.0213289260864
1.0728690624237	9.0213251113892
1.0732733011246	9.0213241577148
1.0753753185272	9.0213193893433
1.0774774551392	9.0213155746460
1.0795795917511	9.0213108062744
1.0816817283630	9.0213060379028
1.0837837457657	9.0213012695312
1.0858858823776	9.0212965011597
1.0879880189896	9.0212917327881
1.0900900363922	9.0212879180908
1.0921921730042	9.0212831497192
1.0942943096161	9.0212783813477
1.0963964462280	9.0212736129761
1.0984984636307	9.0212688446045
1.1006006002426	9.0212640762329
1.1027027368546	9.0212593078613
1.1048047542572	9.0212545394897
1.1068952083588	9.0212507247925
1.1069068908691	9.0212497711182
1.1090090274811	9.0212459564209
1.1111111640930	9.0212411880493
1.1132131814957	9.0212364196777
1.1153153181076	9.0212316513062
1.1174174547195	9.0212268829346
1.1195194721222	9.0212221145630
1.1216216087341	9.0212173461914
1.1237237453461	9.0212125778198
1.1258258819580	9.0212078094482
1.1279278993607	9.0212030410767
1.1300300359726	9.0211982727051
1.1321321725845	9.0211935043335
1.1342341899872	9.0211887359619
1.1363363265991	9.0211839675903
1.1384384632111	9.0211791992188
1.1405405998230	9.0211744308472
1.1420006752014	9.0211706161499
1.1426426172256	9.0211696624756
1.1447447538376	9.0211648941040
1.1468468904495	9.0211601257324
1.1489489078522	9.0211553573608
1.1510510444641	9.0211505889893
1.1531531810760	9.0211448669434
1.1552551984787	9.0211400985718
1.1573573350906	9.0211353302002
1.1594594717026	9.0211305618286
1.1615616083145	9.0211257934570
1.1636636257172	9.0211210250854
1.1657657623291	9.0211162567139
1.1678678989410	9.0211114883423
1.1699699163437	9.0211067199707
1.1720720529556	9.0211009979248
1.1741741895676	9.0210962295532
1.1762763261795	9.0210914611816
1.1782194375992	9.0210866928101
1.1783783435822	9.0210866928101
1.1804804801941	9.0210819244385
1.1825826168060	9.0210771560669
1.1846846342087	9.0210714340210
1.1867867708206	9.0210666656494
1.1888889074326	9.0210618972778
1.1909910440445	9.0210571289062
1.1930930614471	9.0210523605347
1.1951951980591	9.0210466384888
1.1972973346710	9.0210418701172
1.1993993520737	9.0210371017456
1.2015014886856	9.0210323333740
1.2036036252975	9.0210266113281
1.2057057619095	9.0210218429565
1.2078077793121	9.0210170745850
1.2099099159241	9.0210113525391
1.2120120525360	9.0210065841675
1.2141140699387	9.0210018157959
1.2155869007111	9.0209980010986
1.2162162065506	9.0209970474243
1.2183183431625	9.0209913253784
1.2204204797745	9.0209865570068
1.2225224971771	9.0209817886353
1.2246246337891	9.0209760665894
1.2267267704010	9.0209712982178
1.2288287878036	9.0209665298462
1.2309309244156	9.0209608078003
1.2330330610275	9.0209560394287
1.2351350784302	9.0209512710571
1.2372372150421	9.0209455490112
1.2393393516541	9.0209407806396
1.2414414882660	9.0209350585938
1.2435435056686	9.0209302902222
1.2456456422806	9.0209255218506
1.2477477788925	9.0209197998047
1.2498497962952	9.0209150314331
1.2519519329071	9.0209093093872
1.2540540695190	9.0209045410156
1.2541394233704	9.0209045410156
1.2561562061310	9.0208988189697
1.2582582235336	9.0208940505981
1.2603603601456	9.0208892822266
1.2624624967575	9.0208835601807
1.2645645141602	9.0208787918091
1.2666666507721	9.0208730697632
1.2687687873840	9.0208683013916
1.2708709239960	9.0208625793457
1.2729729413986	9.0208578109741
1.2750750780106	9.0208520889282
1.2771772146225	9.0208473205566
1.2792792320251	9.0208415985107
1.2813813686371	9.0208368301392
1.2834835052490	9.0208311080933
1.2855856418610	9.0208263397217
1.2876876592636	9.0208206176758
1.2897897958755	9.0208148956299
1.2918919324875	9.0208101272583
1.2939146757126	9.0208053588867
1.2939939498901	9.0208044052124
1.2960960865021	9.0207996368408
1.2981982231140	9.0207939147949
1.3003003597260	9.0207891464233
1.3024023771286	9.0207834243774
1.3045045137405	9.0207777023315
1.3066066503525	9.0207729339600
1.3087086677551	9.0207672119141
1.3108108043671	9.0207624435425
1.3129129409790	9.0207567214966
1.3150149583817	9.0207509994507
1.3171170949936	9.0207462310791
1.3192192316055	9.0207405090332
1.3213213682175	9.0207347869873
1.3234233856201	9.0207300186157
1.3255255222321	9.0207242965698
1.3276276588440	9.0207185745239
1.3297296762466	9.0207138061523
1.3318318128586	9.0207080841064
1.3339339494705	9.0207023620605
1.3349515199661	9.0206995010376
1.3360360860825	9.0206975936890
1.3381381034851	9.0206918716431
1.3402402400970	9.0206861495972
1.3423423767090	9.0206804275513
1.3444443941116	9.0206756591797
1.3465465307236	9.0206699371338
1.3486486673355	9.0206642150879
1.3507508039474	9.0206584930420
1.3528528213501	9.0206537246704
1.3549549579620	9.0206480026245
1.3570570945740	9.0206422805786
1.3591591119766	9.0206365585327
1.3612612485886	9.0206317901611
1.3633633852005	9.0206260681152
1.3654655218124	9.0206203460693
1.3675675392151	9.0206146240234
1.3696696758270	9.0206089019775
1.3717718124390	9.0206041336060
1.3738738298416	9.0205984115601
1.3759759664536	9.0205926895142
1.3772897720337	9.0205888748169
1.3780781030655	9.0205869674683
1.3801802396774	9.0205812454224
1.3822822570801	9.0205755233765
1.3843843936920	9.0205698013306
1.3864865303040	9.0205650329590
1.3885885477066	9.0205593109131
1.3906906843185	9.0205535888672
1.3927928209305	9.0205478668213
1.3948948383331	9.0205421447754
1.3969969749451	9.0205364227295
1.3990991115570	9.0205307006836
1.4012012481689	9.0205249786377
1.4033032655716	9.0205192565918
1.4054054021835	9.0205144882202
1.4075075387955	9.0205087661743
1.4096095561981	9.0205030441284
1.4117116928101	9.0204973220825
1.4138138294220	9.0204916000366
1.4159159660339	9.0204858779907
1.4180179834366	9.0204801559448
1.4201201200485	9.0204744338989
1.4209706783295	9.0204725265503
1.4222222566605	9.0204687118530
1.4243242740631	9.0204629898071
1.4264264106750	9.0204572677612
1.4285285472870	9.0204515457153
1.4306306838989	9.0204458236694
1.4327327013016	9.0204401016235
1.4348348379135	9.0204343795776
1.4369369745255	9.0204286575317
1.4390389919281	9.0204229354858
1.4411411285400	9.0204172134399
1.4432432651520	9.0204114913940
1.4453454017639	9.0204057693481
1.4474474191666	9.0204000473022
1.4495495557785	9.0203943252563
1.4516516923904	9.0203886032104
1.4537537097931	9.0203828811646
1.4558558464050	9.0203771591187
1.4579579830170	9.0203704833984
1.4600601196289	9.0203647613525
1.4621621370316	9.0203590393066
1.4642642736435	9.0203533172607
1.4660370349884	9.0203485488892
1.4663664102554	9.0203475952148
1.4684684276581	9.0203418731689
1.4705705642700	9.0203361511230
1.4726727008820	9.0203304290771
1.4747747182846	9.0203247070312
1.4768768548965	9.0203180313110
1.4789789915085	9.0203123092651
1.4810811281204	9.0203065872192
1.4831831455231	9.0203008651733
1.4852852821350	9.0202951431274
1.4873874187469	9.0202894210815
1.4894894361496	9.0202827453613
1.4915915727615	9.0202770233154
1.4936937093735	9.0202713012695
1.4957958459854	9.0202655792236
1.4978978633881	9.0202598571777
1.5000000000000	9.0202541351318
1.5021021366119	9.0202474594116
1.5042041540146	9.0202417373657
1.5063062906265	9.0202360153198
1.5084084272385	9.0202302932739
1.5105105638504	9.0202236175537
1.5125327110291	9.0202178955078
1.5126125812531	9.0202178955078
1.5147147178650	9.0202121734619
1.5168168544769	9.0202064514160
1.5189188718796	9.0201997756958
1.5210210084915	9.0201940536499
1.5231231451035	9.0201883316040
1.5252252817154	9.0201826095581
1.5273272991180	9.0201759338379
1.5294294357300	9.0201702117920
1.5315315723419	9.0201644897461
1.5336335897446	9.0201578140259
1.5357357263565	9.0201520919800
1.5378378629684	9.0201463699341
1.5399398803711	9.0201406478882
1.5420420169830	9.0201339721680
1.5441441535950	9.0201282501221
1.5462462902069	9.0201225280762
1.5483483076096	9.0201158523560
1.5504504442215	9.0201101303101
1.5525525808334	9.0201034545898
1.5546545982361	9.0200977325439
1.5567567348480	9.0200920104980
1.5588588714600	9.0200853347778
1.5605030059814	9.0200805664062
1.5609610080719	9.0200796127319
1.5630630254745	9.0200738906860
1.5651651620865	9.0200672149658
1.5672672986984	9.0200614929199
1.5693693161011	9.0200548171997
1.5714714527130	9.0200490951538
1.5735735893250	9.0200433731079
1.5756757259369	9.0200366973877
1.5777777433395	9.0200309753418
1.5798798799515	9.0200242996216
1.5819820165634	9.0200185775757
1.5840840339661	9.0200128555298
1.5861861705780	9.0200061798096
1.5882883071899	9.0200004577637
1.5903904438019	9.0199937820435
1.5924924612045	9.0199880599976
1.5945945978165	9.0199813842773
1.5966967344284	9.0199756622314
1.5987987518311	9.0199689865112
1.6009008884430	9.0199632644653
1.6030030250549	9.0199565887451
1.6051051616669	9.0199508666992
1.6072071790695	9.0199441909790
1.6093093156815	9.0199384689331
1.6099946498871	9.0199365615845
1.6114114522934	9.0199317932129
1.6135134696960	9.0199260711670
1.6156156063080	9.0199193954468
1.6177177429199	9.0199136734009
1.6198197603226	9.0199069976807
1.6219218969345	9.0199012756348
1.6240240335464	9.0198945999146
1.6261261701584	9.0198888778687
1.6282281875610	9.0198822021484
1.6303303241730	9.0198755264282
1.6324324607849	9.0198698043823
1.6345344781876	9.0198631286621
1.6366366147995	9.0198574066162
1.6387387514114	9.0198507308960
1.6408408880234	9.0198450088501
1.6429429054260	9.0198383331299
1.6450450420380	9.0198316574097
1.6471471786499	9.0198259353638
1.6492491960526	9.0198192596436
1.6513513326645	9.0198135375977
1.6534534692764	9.0198068618774
1.6555556058884	9.0198001861572
1.6576576232910	9.0197944641113
1.6597597599030	9.0197877883911
1.6610559225082	9.0197839736938
1.6618618965149	9.0197811126709
1.6639639139175	9.0197753906250
1.6660660505295	9.0197687149048
1.6681681871414	9.0197620391846
1.6702703237534	9.0197563171387
1.6723723411560	9.0197496414185
1.6744744777679	9.0197429656982
1.6765766143799	9.0197372436523
1.6786786317825	9.0197305679321
1.6807807683945	9.0197238922119
1.6828829050064	9.0197181701660
1.6849850416183	9.0197114944458
1.6870870590210	9.0197048187256
1.6891891956329	9.0196990966797
1.6912913322449	9.0196924209595
1.6933933496475	9.0196857452393
1.6954954862595	9.0196790695190
1.6975976228714	9.0196733474731
1.6996996402740	9.0196666717529
1.7018017768860	9.0196599960327
1.7039039134979	9.0196542739868
1.7060060501099	9.0196475982666
1.7081080675125	9.0196409225464
1.7102102041245	9.0196342468262
1.7123123407364	9.0196285247803
1.7137366533279	9.0196237564087
1.7144143581390	9.0196218490601
1.7165164947510	9.0196151733398
1.7186186313629	9.0196084976196
1.7207207679749	9.0196018218994
1.7228227853775	9.0195960998535
1.7249249219894	9.0195894241333
1.7270270586014	9.0195827484131
1.7291290760040	9.0195760726929
1.7312312126160	9.0195693969727
1.7333333492279	9.0195636749268
1.7354354858398	9.0195569992065
1.7375375032425	9.0195503234863
1.7396396398544	9.0195436477661
1.7417417764664	9.0195369720459
1.7438437938690	9.0195302963257
1.7459459304810	9.0195245742798
1.7480480670929	9.0195178985596
1.7501502037048	9.0195112228394
1.7522522211075	9.0195045471191
1.7543543577194	9.0194978713989
1.7564564943314	9.0194911956787
1.7585585117340	9.0194845199585
1.7606606483459	9.0194787979126
1.7627627849579	9.0194721221924
1.7648649215698	9.0194654464722
1.7669669389725	9.0194587707520
1.7680881023407	9.0194549560547
1.7690690755844	9.0194520950317
1.7711712121964	9.0194454193115
1.7732732295990	9.0194387435913
1.7753753662109	9.0194320678711
1.7774775028229	9.0194253921509
1.7795795202255	9.0194187164307
1.7816816568375	9.0194120407104
1.7837837934494	9.0194063186646
1.7858859300613	9.0193996429443
1.7879879474640	9.0193929672241
1.7900900840759	9.0193862915039
1.7921922206879	9.0193796157837
1.7942942380905	9.0193729400635
1.7963963747025	9.0193662643433
1.7984985113144	9.0193595886230
1.8006006479263	9.0193529129028
1.8027026653290	9.0193462371826
1.8048048019409	9.0193395614624
1.8069069385529	9.0193328857422
1.8090089559555	9.0193262100220
1.8111110925674	9.0193195343018
1.8132132291794	9.0193128585815
1.8153153657913	9.0193061828613
1.8174173831940	9.0192995071411
1.8195195198059	9.0192928314209
1.8216216564178	9.0192861557007
1.8237236738205	9.0192794799805
1.8241633176804	9.0192775726318
1.8258258104324	9.0192728042603
1.8279279470444	9.0192661285400
1.8300300836563	9.0192594528198
1.8321321010590	9.0192527770996
1.8342342376709	9.0192461013794
1.8363363742828	9.0192394256592
1.8384383916855	9.0192327499390
1.8405405282974	9.0192260742188
1.8426426649094	9.0192193984985
1.8447448015213	9.0192127227783
1.8468468189240	9.0192050933838
1.8489489555359	9.0191984176636
1.8510510921478	9.0191917419434
1.8531531095505	9.0191850662231
1.8552552461624	9.0191783905029
1.8573573827744	9.0191717147827
1.8594594001770	9.0191650390625
1.8615615367889	9.0191583633423
1.8636636734009	9.0191516876221
1.8657658100128	9.0191450119019
1.8678678274155	9.0191383361816
1.8699699640274	9.0191307067871
1.8720721006393	9.0191240310669
1.8741741180420	9.0191173553467
1.8762762546539	9.0191106796265
1.8783783912659	9.0191040039062
1.8804805278778	9.0190973281860
1.8820170164108	9.0190925598145
1.8825825452805	9.0190906524658
1.8846846818924	9.0190830230713
1.8867868185043	9.0190763473511
1.8888888359070	9.0190696716309
1.8909909725189	9.0190629959106
1.8930931091309	9.0190563201904
1.8951952457428	9.0190496444702
1.8972972631454	9.0190420150757
1.8993993997574	9.0190353393555
1.9015015363693	9.0190286636353
1.9036035537720	9.0190219879150
1.9057056903839	9.0190153121948
1.9078078269958	9.0190086364746
1.9099099636078	9.0190010070801
1.9120119810104	9.0189943313599
1.9141141176224	9.0189876556396
1.9162162542343	9.0189809799194
1.9183182716370	9.0189733505249
1.9204204082489	9.0189666748047
1.9225225448608	9.0189599990845
1.9246246814728	9.0189533233643
1.9267266988754	9.0189466476440
1.9288288354874	9.0189390182495
1.9309309720993	9.0189323425293
1.9330329895020	9.0189256668091
1.9351351261139	9.0189189910889
1.9372372627258	9.0189113616943
1.9393392801285	9.0189046859741
1.9414414167404	9.0188980102539
1.9417055845261	9.0188970565796
1.9435435533524	9.0188913345337
1.9456456899643	9.0188837051392
1.9477477073669	9.0188770294189
1.9498498439789	9.0188703536987
1.9519519805908	9.0188627243042
1.9540539979935	9.0188560485840
1.9561561346054	9.0188493728638
1.9582582712173	9.0188426971436
1.9603604078293	9.0188350677490
1.9624624252319	9.0188283920288
1.9645645618439	9.0188217163086
1.9666666984558	9.0188140869141
1.9687687158585	9.0188074111938
1.9708708524704	9.0188007354736
1.9729729890823	9.0187931060791
1.9750751256943	9.0187864303589
1.9771771430969	9.0187797546387
1.9792792797089	9.0187721252441
1.9813814163208	9.0187654495239
1.9834834337234	9.0187587738037
1.9855855703354	9.0187511444092
1.9876877069473	9.0187444686890
1.9897898435593	9.0187377929688
1.9918918609619	9.0187301635742
1.9939939975739	9.0187234878540
1.9960961341858	9.0187168121338
1.9981981515884	9.0187091827393
2.0003004074097	9.0187025070190
2.0024023056030	9.0186958312988
2.0032870769501	9.0186920166016
2.0045044422150	9.0186882019043
2.0066065788269	9.0186815261841
2.0087087154388	9.0186738967896
2.0108108520508	9.0186672210693
2.0129129886627	9.0186605453491
2.0150151252747	9.0186529159546
2.0171170234680	9.0186462402344
2.0192191600800	9.0186386108398
2.0213212966919	9.0186319351196
2.0234234333038	9.0186252593994
2.0255255699158	9.0186176300049
2.0276277065277	9.0186109542847
2.0297298431396	9.0186033248901
2.0318317413330	9.0185966491699
2.0339338779449	9.0185890197754
2.0360360145569	9.0185823440552
2.0381381511688	9.0185756683350
2.0402402877808	9.0185680389404
2.0423424243927	9.0185613632202
2.0444445610046	9.0185537338257
2.0465464591980	9.0185470581055
2.0486485958099	9.0185394287109
2.0507507324219	9.0185327529907
2.0528528690338	9.0185251235962
2.0549550056458	9.0185184478760
2.0570571422577	9.0185117721558
2.0591590404510	9.0185041427612
2.0612611770630	9.0184974670410
2.0633633136749	9.0184898376465
2.0654654502869	9.0184831619263
2.0668218135834	9.0184783935547
2.0675675868988	9.0184755325317
2.0696697235107	9.0184688568115
2.0717718601227	9.0184612274170
2.0738737583160	9.0184545516968
2.0759758949280	9.0184469223022
2.0780780315399	9.0184402465820
2.0801801681519	9.0184326171875
2.0822823047638	9.0184259414673
2.0843844413757	9.0184183120728
2.0864865779877	9.0184116363525
2.0885884761810	9.0184040069580
2.0906906127930	9.0183973312378
2.0927927494049	9.0183897018433
2.0948948860168	9.0183830261230
2.0969970226288	9.0183753967285
2.0990991592407	9.0183677673340
2.1012012958527	9.0183610916138
2.1033031940460	9.0183534622192
2.1054053306580	9.0183467864990
2.1075074672699	9.0183391571045
2.1096096038818	9.0183324813843
2.1117117404938	9.0183248519897
2.1138138771057	9.0183181762695
2.1159160137177	9.0183105468750
2.1180179119110	9.0183029174805
2.1201200485229	9.0182962417603
2.1222221851349	9.0182886123657
2.1243243217468	9.0182819366455
2.1264264583588	9.0182743072510
2.1285285949707	9.0182676315308
2.1306307315826	9.0182600021362
2.1323714256287	9.0182542800903
2.1327326297760	9.0182523727417
2.1348347663879	9.0182456970215
2.1369369029999	9.0182380676270
2.1390390396118	9.0182313919067
2.1411411762238	9.0182237625122
2.1432433128357	9.0182161331177
2.1453454494476	9.0182094573975
2.1474473476410	9.0182018280029
2.1495494842529	9.0181951522827
2.1516516208649	9.0181875228882
2.1537537574768	9.0181798934937
2.1558558940887	9.0181732177734
2.1579580307007	9.0181655883789
2.1600601673126	9.0181579589844
2.1621620655060	9.0181512832642
2.1642642021179	9.0181436538696
2.1663663387299	9.0181369781494
2.1684684753418	9.0181293487549
2.1705706119537	9.0181217193604
2.1726727485657	9.0181150436401
2.1747748851776	9.0181074142456
2.1768767833710	9.0180997848511
2.1789789199829	9.0180931091309
2.1810810565948	9.0180854797363
2.1831831932068	9.0180778503418
2.1852853298187	9.0180711746216
2.1873874664307	9.0180635452271
2.1894896030426	9.0180559158325
2.1915915012360	9.0180492401123
2.1936936378479	9.0180416107178
2.1957957744598	9.0180339813232
2.1978979110718	9.0180273056030
2.2000000476837	9.0180196762085
2.2000000476837	9.0180196762085
