545.500183	-2.138769E-7
545.550218	-2.026571E-7
545.600254	-2.061633E-7
545.650289	-2.026572E-7
545.700324	-1.858275E-7
545.750359	-2.236942E-7
545.800394	-2.047609E-7
545.850429	-2.580548E-7
545.900464	-2.222918E-7
545.950499	-1.760102E-7
546.000534	-2.166818E-7
546.050569	-2.279017E-7
546.100604	-2.580547E-7
546.150639	-2.145782E-7
546.200674	-2.321090E-7
546.250709	-1.886324E-7
546.300744	-2.061633E-7
546.350779	-1.493632E-7
546.400814	-2.328103E-7
546.450849	-1.598817E-7
546.500884	-1.451558E-7
546.550919	-1.241187E-7
546.600954	-1.143014E-7
546.650989	-4.347663E-8
546.701024	4.978779E-8
546.751059	5.820261E-8
546.801094	1.542720E-7
546.851129	2.973241E-7
546.901164	3.218673E-7
546.951199	4.459861E-7
547.001234	4.431811E-7
547.051269	3.990033E-7
547.101304	2.447314E-7
547.151339	-8.414776E-9
547.201374	-6.156846E-7
547.251409	-1.264327E-6
547.301444	-1.962056E-6
547.351479	-2.717285E-6
547.401514	-3.062293E-6
547.451549	-3.028634E-6
547.501584	-2.642955E-6
547.551619	-1.430520E-6
547.601654	3.926931E-8
547.651690	1.384940E-6
547.701725	2.220111E-6
547.751760	2.468348E-6
547.801795	2.127548E-6
547.851830	1.183686E-6
547.901865	3.835761E-7
547.951900	-2.082670E-7
548.001935	-3.625387E-7
548.051970	-1.626866E-7
548.102005	9.396569E-8
548.152040	1.549731E-7
548.202075	3.365932E-8
548.252110	-2.889092E-7
548.302145	-6.493437E-7
548.352180	-9.249298E-7
548.402215	-9.789249E-7
548.452250	-8.379762E-7
548.502285	-5.497683E-7
548.552320	-2.973239E-7
548.602355	-7.503224E-8
548.652390	-9.957551E-8
548.702425	-1.668941E-7
548.752460	-2.622622E-7
548.802495	-4.088203E-7
548.852530	-3.926919E-7
548.902565	-3.358918E-7
548.952600	-1.437533E-7
549.002635	-1.304299E-7
549.052670	-8.064209E-8
549.102705	-1.851262E-7
549.152740	-2.847017E-7
549.202775	-2.755857E-7
549.252810	-2.952203E-7
549.302845	-1.879312E-7
549.352880	-1.753090E-7
549.402915	-6.872107E-8
549.452950	-2.384201E-8
549.502985	-6.872109E-8
549.553020	-1.605830E-7
549.603055	-2.468350E-7
549.653090	-2.980252E-7
549.703126	-3.176597E-7
549.753161	-2.994277E-7
549.803196	-1.865287E-7
549.853231	-1.318323E-7
549.903266	-1.528694E-7
549.953301	-1.732053E-7
550.003336	-2.061634E-7
550.053371	-3.260746E-7
550.103406	-3.681487E-7
550.153441	-3.415018E-7
550.203476	-3.085437E-7
550.253511	-2.391214E-7
550.303546	-1.262225E-7
550.353581	-3.856798E-8
550.403616	-5.399514E-8
550.453651	-1.171063E-7
550.503686	-1.935411E-7
550.553721	-2.713783E-7
550.603756	-3.436055E-7
550.653791	-3.197635E-7
550.703826	-2.580547E-7
550.753861	-1.689978E-7
550.803896	-1.051854E-7
550.853931	-1.185089E-7
550.903966	-1.668942E-7
550.954001	-2.335115E-7
551.004036	-3.204647E-7
551.054071	-3.337882E-7
551.104106	-2.924152E-7
551.154141	-2.363164E-7
551.204176	-1.830225E-7
551.254211	-1.346373E-7
551.304246	-1.900349E-7
551.354281	-1.998522E-7
551.404316	-2.279016E-7
551.454351	-3.253734E-7
551.504386	-2.671708E-7
551.554421	-2.300053E-7
551.604456	-2.159805E-7
551.654491	-1.605829E-7
551.704527	-1.437533E-7
551.754562	-1.220150E-7
551.804597	-1.696990E-7
551.854632	-2.054620E-7
551.904667	-2.012547E-7
551.954702	-2.307066E-7
552.004737	-2.279016E-7
552.054772	-1.823212E-7
552.104807	-1.823213E-7
552.154842	-1.423509E-7
552.204877	-1.746077E-7
552.254912	-1.718028E-7
552.304947	-2.215904E-7
552.354982	-2.363165E-7
552.405017	-2.861042E-7
552.455052	-2.524449E-7
552.505087	-2.194868E-7
552.555122	-2.321090E-7
552.605157	-1.865287E-7
552.655192	-1.591805E-7
552.705227	-1.654917E-7
552.755262	-1.865287E-7
552.805297	-2.082670E-7
552.855332	-2.847017E-7
552.905367	-2.454325E-7
552.955402	-2.138769E-7
553.005437	-1.633880E-7
553.055472	-2.229930E-7
553.105507	-1.528694E-7
553.155542	-1.591805E-7
553.205577	-2.026572E-7
553.255612	-2.054621E-7
553.305647	-2.482375E-7
553.355682	-3.309833E-7
553.405717	-2.363165E-7
553.455752	-2.994277E-7
553.505787	-2.075658E-7
553.555822	-2.229929E-7
553.605857	-1.865287E-7
553.655892	-1.472595E-7
553.705927	-1.928398E-7
553.755963	-2.201880E-7
553.805998	-2.370177E-7
553.856033	-2.734820E-7
553.906068	-2.005534E-7
553.956103	-1.816201E-7
554.006138	-1.696990E-7
554.056173	-1.668941E-7
554.106208	-1.549732E-7
554.156243	-1.837237E-7
554.206278	-2.391214E-7
554.256313	-2.601584E-7
554.306348	-2.342128E-7
554.356383	-2.208892E-7
554.406418	-1.732052E-7
554.456453	-2.321091E-7
554.506488	-2.040596E-7
554.556523	-2.152794E-7
554.606558	-1.682966E-7
554.656593	-2.026571E-7
554.706628	-2.594572E-7
554.756663	-2.250967E-7
554.806698	-2.475362E-7
554.856733	-1.970472E-7
554.906768	-1.907361E-7
554.956803	-1.640892E-7
555.006838	-1.886325E-7
555.056873	-1.844250E-7
555.106908	-1.767114E-7
555.156943	-2.117732E-7
555.206978	-2.314079E-7
555.257013	-2.398226E-7
555.307048	-2.349140E-7
555.357083	-1.900349E-7
555.407118	-1.921386E-7
555.457153	-1.928398E-7
555.507188	-1.893336E-7
555.557223	-2.019558E-7
555.607258	-2.138769E-7
555.657293	-2.222917E-7
555.707328	-2.496399E-7
555.757363	-2.398227E-7
555.807399	-2.194868E-7
555.857434	-1.942423E-7
555.907469	-1.844250E-7
555.957504	-2.363165E-7
556.007539	-2.082670E-7
