545.500183	9.536808E-7
545.550218	9.918286E-7
545.600254	6.961870E-7
545.650289	4.291564E-7
545.700324	-2.574940E-7
545.750359	-6.580387E-7
545.800394	-8.583122E-7
545.850429	-8.773860E-7
545.900464	-7.247967E-7
545.950499	-5.531340E-7
546.000534	-9.250698E-7
546.050569	-1.754771E-6
546.100604	-3.623980E-6
546.150639	-6.284742E-6
546.200674	-9.498648E-6
546.250709	-1.353270E-5
546.300744	-1.839648E-5
546.350779	-2.486240E-5
546.400814	-3.372216E-5
546.450849	-4.605316E-5
546.500884	-6.289529E-5
546.550919	-8.503960E-5
546.600954	-0.000115
546.650989	-0.000155
546.701024	-0.000205
546.751059	-0.000265
546.801094	-0.000337
546.851129	-0.000417
546.901164	-0.000495
546.951199	-0.000562
547.001234	-0.000589
547.051269	-0.000552
547.101304	-0.000414
547.151339	-0.000149
547.201374	0.000266
547.251409	0.000810
547.301444	0.001397
547.351479	0.001917
547.401514	0.002232
547.451549	0.002185
547.501584	0.001727
547.551619	0.000854
547.601654	-0.000190
547.651690	-0.001083
547.701725	-0.001695
547.751760	-0.001795
547.801795	-0.001459
547.851830	-0.000893
547.901865	-0.000345
547.951900	-3.089922E-5
548.001935	-3.776570E-6
548.051970	-0.000160
548.102005	-0.000351
548.152040	-0.000432
548.202075	-0.000332
548.252110	-8.587881E-5
548.302145	0.000212
548.352180	0.000437
548.402215	0.000498
548.452250	0.000397
548.502285	0.000212
548.552320	2.105725E-5
548.602355	-8.351372E-5
548.652390	-7.899330E-5
548.702425	5.979572E-6
548.752460	0.000104
548.802495	0.000158
548.852530	0.000146
548.902565	8.044289E-5
548.952600	7.600000E-13
549.002635	-4.954362E-5
549.052670	-5.368256E-5
549.102705	-2.130520E-5
549.152740	1.720440E-5
549.202775	3.752731E-5
549.252810	2.843871E-5
549.302845	-4.024528E-6
549.352880	-3.608727E-5
549.402915	-5.180382E-5
549.452950	-4.267716E-5
549.502985	-1.973163E-5
549.553020	1.907359E-6
549.603055	9.527269E-6
549.653090	6.485027E-7
549.703126	-1.538285E-5
549.753161	-2.661718E-5
549.803196	-2.368939E-5
549.853231	-8.077670E-6
549.903266	1.332289E-5
549.953301	3.062266E-5
550.003336	3.743194E-5
550.053371	3.301644E-5
550.103406	2.151501E-5
550.153441	9.746609E-6
550.203476	1.344689E-6
550.253511	-1.926432E-6
550.303546	-2.145780E-6
550.353581	-1.688014E-6
550.403616	-2.412810E-6
550.453651	-4.262950E-6
550.503686	-6.866494E-6
550.553721	-9.574940E-6
550.603756	-1.107222E-5
550.653791	-1.203545E-5
550.703826	-1.230247E-5
550.753861	-1.249320E-5
550.803896	-1.311310E-5
550.853931	-1.414307E-5
550.903966	-1.512536E-5
550.954001	-1.483925E-5
551.004036	-1.248366E-5
551.054071	-8.039518E-6
551.104106	-1.649866E-6
551.154141	4.644421E-6
551.204176	9.651240E-6
551.254211	1.245506E-5
551.304246	1.278884E-5
551.354281	1.128203E-5
551.404316	8.535446E-6
551.454351	4.940062E-6
551.504386	6.961868E-7
551.554421	-4.329707E-6
551.604456	-8.401914E-6
551.654491	-1.098638E-5
551.704527	-1.083381E-5
551.754562	-7.972771E-6
551.804597	-4.110361E-6
551.854632	-1.287468E-6
551.904667	-4.291564E-7
551.954702	-2.222074E-6
552.004737	-5.207093E-6
552.054772	-7.457776E-6
552.104807	-7.171668E-6
552.154842	-3.767033E-6
552.204877	1.049049E-6
552.254912	5.664856E-6
552.304947	8.411466E-6
552.354982	8.421002E-6
552.405017	6.303815E-6
552.455052	4.005457E-6
552.505087	2.317442E-6
552.555122	1.935970E-6
552.605157	1.783382E-6
552.655192	8.106288E-7
552.705227	-1.096732E-6
552.755262	-3.881472E-6
552.805297	-6.399192E-6
552.855332	-7.162130E-6
552.905367	-5.664857E-6
552.955402	-3.032700E-6
553.005437	-1.239785E-7
553.055472	1.440057E-6
553.105507	9.632156E-7
553.155542	-8.106278E-7
553.205577	-2.164854E-6
553.255612	-2.183928E-6
553.305647	-2.002722E-7
553.355682	3.013628E-6
553.405717	6.256132E-6
553.455752	8.039532E-6
553.505787	7.658049E-6
553.555822	5.197554E-6
553.605857	2.079022E-6
553.655892	-1.001364E-6
553.705927	-3.137604E-6
553.755963	-4.797010E-6
553.805998	-5.998643E-6
553.856033	-6.799732E-6
553.906068	-7.476848E-6
553.956103	-7.438701E-6
554.006138	-6.837876E-6
554.056173	-5.741150E-6
554.106208	-4.386928E-6
554.156243	-3.271122E-6
554.206278	-2.784744E-6
554.256313	-2.689378E-6
554.306348	-2.927798E-6
554.356383	-3.118530E-6
554.406418	-2.927797E-6
554.456453	-1.964581E-6
554.506488	-9.822911E-7
554.556523	-1.049048E-7
554.606558	1.144416E-7
554.656593	1.716626E-7
554.706628	1.049050E-7
554.756663	4.291564E-7
554.806698	1.602182E-6
554.856733	2.717986E-6
554.906768	3.337880E-6
554.956803	2.651229E-6
555.006838	6.103557E-7
555.056873	-1.640330E-6
555.106908	-3.433245E-6
555.156943	-4.119899E-6
555.206978	-3.423707E-6
555.257013	-1.640330E-6
555.307048	-2.574937E-7
555.357083	4.577670E-7
555.407118	-4.235165E-23
555.457153	-1.029975E-6
555.507188	-1.363762E-6
555.557223	-1.068122E-6
555.607258	3.970467E-24
555.657293	8.583126E-7
555.707328	1.230248E-6
555.757363	9.536803E-7
555.807399	4.386930E-7
555.857434	5.817450E-7
555.907469	1.354226E-6
555.957504	2.613082E-6
556.007539	3.700274E-6
