545.500183	1.001366E-6
545.550218	1.058586E-6
545.600254	1.087196E-6
545.650289	1.039512E-6
545.700324	8.583122E-7
545.750359	4.577668E-7
545.800394	7.629440E-8
545.850429	-8.583128E-8
545.900464	-4.959136E-7
545.950499	-5.817446E-7
546.000534	-9.536810E-7
546.050569	-2.222074E-6
546.100604	-4.072212E-6
546.150639	-7.047685E-6
546.200674	-1.039511E-5
546.250709	-1.441009E-5
546.300744	-1.854907E-5
546.350779	-2.377523E-5
546.400814	-3.034609E-5
546.450849	-3.941560E-5
546.500884	-5.210898E-5
546.550919	-6.902741E-5
546.600954	-9.252595E-5
546.650989	-0.000125
546.701024	-0.000166
546.751059	-0.000217
546.801094	-0.000280
546.851129	-0.000355
546.901164	-0.000433
546.951199	-0.000511
547.001234	-0.000570
547.051269	-0.000584
547.101304	-0.000524
547.151339	-0.000355
547.201374	-3.754636E-5
547.251409	0.000410
547.301444	0.000980
547.351479	0.001554
547.401514	0.002060
547.451549	0.002283
547.501584	0.002115
547.551619	0.001505
547.601654	0.000541
547.651690	-0.000495
547.701725	-0.001393
547.751760	-0.001867
547.801795	-0.001808
547.851830	-0.001335
547.901865	-0.000694
547.951900	-0.000145
548.001935	9.026574E-5
548.051970	4.141828E-5
548.102005	-0.000176
548.152040	-0.000380
548.202075	-0.000434
548.252110	-0.000292
548.302145	-1.707087E-5
548.352180	0.000285
548.402215	0.000475
548.452250	0.000493
548.502285	0.000359
548.552320	0.000143
548.602355	-3.360768E-5
548.652390	-0.000112
548.702425	-7.429169E-5
548.752460	2.786652E-5
548.802495	0.000125
548.852530	0.000167
548.902565	0.000139
548.952600	6.113088E-5
549.002635	-1.761447E-5
549.052670	-5.948091E-5
549.102705	-4.993461E-5
549.152740	-8.850145E-6
549.202775	3.122349E-5
549.252810	4.476568E-5
549.302845	2.605449E-5
549.352880	-1.112944E-5
549.402915	-4.550958E-5
549.452950	-5.618119E-5
549.502985	-4.207635E-5
549.553020	-1.523026E-5
549.603055	6.961860E-6
549.653090	1.181610E-5
549.703126	5.245243E-7
549.753161	-1.639377E-5
549.803196	-2.521528E-5
549.853231	-1.977932E-5
549.903266	-2.346051E-6
549.953301	1.783383E-5
550.003336	3.244424E-5
550.053371	3.529573E-5
550.103406	2.794278E-5
550.153441	1.523026E-5
550.203476	4.329710E-6
550.253511	-1.907360E-6
550.303546	-3.633517E-6
550.353581	-3.252043E-6
550.403616	-3.423703E-6
550.453651	-5.130798E-6
550.503686	-8.306563E-6
550.553721	-1.144416E-5
550.603756	-1.355176E-5
550.653791	-1.446731E-5
550.703826	-1.406679E-5
550.753861	-1.276976E-5
550.803896	-1.143462E-5
550.853931	-1.092916E-5
550.903966	-1.118664E-5
550.954001	-1.163491E-5
551.004036	-1.108173E-5
551.054071	-8.421004E-6
551.104106	-3.633516E-6
551.154141	1.916897E-6
551.204176	7.152592E-6
551.254211	1.032837E-5
551.304246	1.059540E-5
551.354281	9.288843E-6
551.404316	6.952318E-6
551.454351	4.653958E-6
551.504386	2.746598E-6
551.554421	4.768404E-8
551.604456	-3.166212E-6
551.654491	-6.608992E-6
551.704527	-8.897839E-6
551.754562	-9.231622E-6
551.804597	-7.629442E-6
551.854632	-4.968673E-6
551.904667	-2.832430E-6
551.954702	-2.317442E-6
552.004737	-3.395091E-6
552.054772	-5.340608E-6
552.104807	-6.437330E-6
552.154842	-5.006820E-6
552.204877	-1.468667E-6
552.254912	2.851503E-6
552.304947	6.551772E-6
552.354982	8.344710E-6
552.405017	7.762963E-6
552.455052	6.055859E-6
552.505087	4.100826E-6
552.555122	3.042237E-6
552.605157	2.841966E-6
552.655192	2.641694E-6
552.705227	1.678477E-6
552.755262	-4.577666E-7
552.805297	-2.918260E-6
552.855332	-4.892378E-6
552.905367	-5.455050E-6
552.955402	-4.720716E-6
553.005437	-3.204359E-6
553.055472	-1.621256E-6
553.105507	-1.039511E-6
553.155542	-1.621256E-6
553.205577	-2.517715E-6
553.255612	-3.185286E-6
553.305647	-2.470031E-6
553.355682	-3.242516E-7
553.405717	2.450958E-6
553.455752	5.006820E-6
553.505787	6.275204E-6
553.555822	5.960492E-6
553.605857	4.282023E-6
553.655892	2.336516E-6
553.705927	5.435981E-7
553.755963	-9.250704E-7
553.805998	-1.869213E-6
553.856033	-3.347410E-6
553.906068	-5.140335E-6
553.956103	-6.389646E-6
554.006138	-7.753426E-6
554.056173	-7.896480E-6
554.106208	-7.429163E-6
554.156243	-6.303815E-6
554.206278	-5.064041E-6
554.256313	-4.406002E-6
554.306348	-4.119899E-6
554.356383	-3.852872E-6
554.406418	-3.614444E-6
554.456453	-2.794282E-6
554.506488	-1.497278E-6
554.556523	-4.577666E-7
554.606558	5.435980E-7
554.656593	7.820184E-7
554.706628	7.915552E-7
554.756663	8.010925E-7
554.806698	1.163490E-6
554.856733	1.821529E-6
554.906768	2.698914E-6
554.956803	2.870577E-6
555.006838	2.269758E-6
555.056873	6.866498E-7
555.106908	-1.144416E-6
555.156943	-2.565399E-6
555.206978	-2.985017E-6
555.257013	-2.689378E-6
555.307048	-1.621256E-6
555.357083	-6.866496E-7
555.407118	-4.291562E-7
555.457153	-9.822910E-7
555.507188	-1.525888E-6
555.557223	-1.373299E-6
555.607258	-9.250704E-7
555.657293	2.288834E-7
555.707328	1.297005E-6
555.757363	1.983654E-6
555.807399	1.955044E-6
555.857434	1.411446E-6
555.907469	1.230247E-6
555.957504	1.430520E-6
556.007539	1.678477E-6
