545.500183	-1.806974E-7
545.550218	-2.434395E-7
545.600254	-2.321460E-7
545.650289	-2.252443E-7
545.700324	-3.005349E-7
545.750359	-3.030445E-7
545.800394	-2.578702E-7
545.850429	-2.346557E-7
545.900464	-2.164604E-7
545.950499	-2.603799E-7
546.000534	-2.641445E-7
546.050569	-2.258717E-7
546.100604	-2.603799E-7
546.150639	-2.666541E-7
546.200674	-2.547331E-7
546.250709	-2.384202E-7
546.300744	-2.572428E-7
546.350779	-2.603799E-7
546.400814	-2.434395E-7
546.450849	-2.221072E-7
546.500884	-2.315184E-7
546.550919	-2.108136E-7
546.600954	-1.813248E-7
546.650989	-1.625021E-7
546.701024	-9.725029E-8
546.751059	-1.035245E-7
546.801094	-5.270337E-8
546.851129	3.199854E-8
546.901164	5.709541E-8
546.951199	7.027126E-8
547.001234	7.780036E-8
547.051269	9.285844E-8
547.101304	4.956638E-8
547.151339	-2.446938E-8
547.201374	-2.321459E-7
547.251409	-5.653062E-7
547.301444	-8.859186E-7
547.351479	-1.259234E-6
547.401514	-1.664548E-6
547.451549	-1.693409E-6
547.501584	-1.542828E-6
547.551619	-1.095477E-6
547.601654	-5.439742E-7
547.651690	1.261118E-7
547.701725	7.196526E-7
547.751760	1.001992E-6
547.801795	7.880414E-7
547.851830	5.508762E-7
547.901865	1.668942E-7
547.951900	-1.775603E-7
548.001935	-3.632770E-7
548.051970	-3.093186E-7
548.102005	-1.932457E-7
548.152040	-1.192094E-8
548.202075	-4.391942E-8
548.252110	-9.599543E-8
548.302145	-2.973978E-7
548.352180	-5.088386E-7
548.402215	-5.339353E-7
548.452250	-5.540128E-7
548.502285	-4.605271E-7
548.552320	-3.155929E-7
548.602355	-2.114409E-7
548.652390	-1.380327E-7
548.702425	-1.907362E-7
548.752460	-2.942607E-7
548.802495	-3.507285E-7
548.852530	-3.501011E-7
548.902565	-2.955155E-7
548.952600	-2.497137E-7
549.002635	-2.453218E-7
549.052670	-2.089314E-7
549.102705	-2.032846E-7
549.152740	-2.766929E-7
549.202775	-3.243769E-7
549.252810	-3.406898E-7
549.302845	-2.384202E-7
549.352880	-2.252443E-7
549.402915	-1.800700E-7
549.452950	-1.367779E-7
549.502985	-1.700313E-7
549.553020	-2.302637E-7
549.603055	-2.352831E-7
549.653090	-2.741832E-7
549.703126	-3.162203E-7
549.753161	-2.509686E-7
549.803196	-2.120684E-7
549.853231	-2.070491E-7
549.903266	-2.070490E-7
549.953301	-2.076765E-7
550.003336	-2.089314E-7
550.053371	-2.547331E-7
550.103406	-3.137108E-7
550.153441	-2.973978E-7
550.203476	-3.300237E-7
550.253511	-2.490863E-7
550.303546	-2.290089E-7
550.353581	-1.869716E-7
550.403616	-1.662667E-7
550.453651	-1.819523E-7
550.503686	-2.064216E-7
550.553721	-2.509687E-7
550.603756	-2.748105E-7
550.653791	-3.068091E-7
550.703826	-2.239894E-7
550.753861	-2.277540E-7
550.803896	-1.794426E-7
550.853931	-1.367779E-7
550.903966	-2.101862E-7
550.954001	-2.145782E-7
551.004036	-2.384202E-7
551.054071	-2.635170E-7
551.104106	-2.923784E-7
551.154141	-2.246169E-7
551.204176	-2.083039E-7
551.254211	-2.377928E-7
551.304246	-2.195975E-7
551.354281	-2.509686E-7
551.404316	-2.453218E-7
551.454351	-2.321460E-7
551.504386	-2.653992E-7
551.554421	-2.534782E-7
551.604456	-2.409298E-7
551.654491	-2.346556E-7
551.704527	-2.214798E-7
551.754562	-2.183427E-7
551.804597	-2.189702E-7
551.854632	-2.133233E-7
551.904667	-2.252443E-7
551.954702	-3.017897E-7
552.004737	-2.377928E-7
552.054772	-2.271265E-7
552.104807	-2.346556E-7
552.154842	-2.233620E-7
552.204877	-1.907362E-7
552.254912	-2.221072E-7
552.304947	-2.497138E-7
552.354982	-2.584976E-7
552.405017	-2.346557E-7
552.455052	-2.967704E-7
552.505087	-2.948880E-7
552.555122	-3.017897E-7
552.605157	-2.290088E-7
552.655192	-1.945006E-7
552.705227	-2.258718E-7
552.755262	-2.007749E-7
552.805297	-2.622622E-7
552.855332	-2.729283E-7
552.905367	-2.760654E-7
552.955402	-2.647719E-7
553.005437	-2.315185E-7
553.055472	-2.572428E-7
553.105507	-2.384202E-7
553.155542	-2.503412E-7
553.205577	-1.832071E-7
553.255612	-2.183427E-7
553.305647	-2.666541E-7
553.355682	-2.660267E-7
553.405717	-2.578702E-7
553.455752	-2.679090E-7
553.505787	-2.653993E-7
553.555822	-2.352831E-7
553.605857	-2.798300E-7
553.655892	-1.869716E-7
553.705927	-2.283814E-7
553.755963	-2.660267E-7
553.805998	-2.503412E-7
553.856033	-2.346557E-7
553.906068	-2.246169E-7
553.956103	-2.403024E-7
554.006138	-1.963829E-7
554.056173	-1.988926E-7
554.106208	-1.781877E-7
554.156243	-2.497138E-7
554.206278	-2.095589E-7
554.256313	-2.591250E-7
554.306348	-2.679090E-7
554.356383	-2.490863E-7
554.406418	-2.095587E-7
554.456453	-2.195975E-7
554.506488	-2.152056E-7
554.556523	-2.334008E-7
554.606558	-2.145781E-7
554.656593	-2.616348E-7
554.706628	-2.559879E-7
554.756663	-2.133233E-7
554.806698	-2.396750E-7
554.856733	-2.133234E-7
554.906768	-2.126959E-7
554.956803	-2.679090E-7
555.006838	-2.352831E-7
555.056873	-2.434396E-7
555.106908	-2.428121E-7
555.156943	-2.352831E-7
555.206978	-2.660267E-7
555.257013	-2.371653E-7
555.307048	-2.070491E-7
555.357083	-2.051668E-7
555.407118	-2.095588E-7
555.457153	-2.252443E-7
555.507188	-2.478315E-7
555.557223	-2.641444E-7
555.607258	-2.766928E-7
555.657293	-2.384202E-7
555.707328	-2.697912E-7
555.757363	-2.597525E-7
555.807399	-2.271266E-7
555.857434	-2.459492E-7
555.907469	-2.346556E-7
555.957504	-2.070491E-7
556.007539	-2.459492E-7
