545.500183	8.106288E-7
545.550218	7.152606E-7
545.600254	7.152608E-7
545.650289	3.528622E-7
545.700324	2.861040E-8
545.750359	-4.959138E-7
545.800394	-5.531344E-7
545.850429	-7.724803E-7
545.900464	-9.822908E-7
545.950499	-1.554498E-6
546.000534	-2.784746E-6
546.050569	-5.121262E-6
546.100604	-8.087216E-6
546.150639	-1.186378E-5
546.200674	-1.610768E-5
546.250709	-2.085698E-5
546.300744	-2.640738E-5
546.350779	-3.371263E-5
546.400814	-4.400278E-5
546.450849	-5.911851E-5
546.500884	-7.915544E-5
546.550919	-0.000106
546.600954	-0.000140
546.650989	-0.000186
546.701024	-0.000243
546.751059	-0.000312
546.801094	-0.000391
546.851129	-0.000469
546.901164	-0.000543
546.951199	-0.000588
547.001234	-0.000575
547.051269	-0.000478
547.101304	-0.000250
547.151339	0.000121
547.201374	0.000650
547.251409	0.001249
547.301444	0.001808
547.351479	0.002213
547.401514	0.002287
547.451549	0.001931
547.501584	0.001163
547.551619	9.533934E-5
547.601654	-0.000945
547.651690	-0.001661
547.701725	-0.001922
547.751760	-0.001672
547.801795	-0.001103
547.851830	-0.000462
547.901865	-1.335151E-5
547.951900	0.000108
548.001935	-3.174800E-5
548.051970	-0.000265
548.102005	-0.000428
548.152040	-0.000405
548.202075	-0.000195
548.252110	0.000123
548.302145	0.000388
548.352180	0.000515
548.402215	0.000458
548.452250	0.000271
548.502285	6.540337E-5
548.552320	-8.644150E-5
548.602355	-0.000114
548.652390	-4.104637E-5
548.702425	7.541703E-5
548.752460	0.000154
548.802495	0.000165
548.852530	0.000107
548.902565	2.215396E-5
548.952600	-4.467988E-5
549.002635	-6.351518E-5
549.052670	-3.482841E-5
549.102705	1.176841E-5
549.152740	4.287743E-5
549.202775	4.111314E-5
549.252810	1.116760E-5
549.302845	-3.052730E-5
549.352880	-5.529428E-5
549.402915	-5.359674E-5
549.452950	-2.970710E-5
549.502985	-2.756136E-6
549.553020	1.242642E-5
549.603055	8.812010E-6
549.653090	-7.190744E-6
549.703126	-2.252590E-5
549.753161	-2.559673E-5
549.803196	-1.365668E-5
549.853231	6.904642E-6
549.903266	2.595913E-5
549.953301	3.537202E-5
550.003336	3.327394E-5
550.053371	2.216351E-5
550.103406	1.004225E-5
550.153441	7.534078E-7
550.203476	-3.070846E-6
550.253511	-3.614444E-6
550.303546	-2.985018E-6
550.353581	-3.976848E-6
550.403616	-6.227522E-6
550.453651	-9.307917E-6
550.503686	-1.220708E-5
550.553721	-1.382833E-5
550.603756	-1.417169E-5
550.653791	-1.335150E-5
550.703826	-1.194007E-5
550.753861	-1.110080E-5
550.803896	-1.094823E-5
550.853931	-1.132018E-5
550.903966	-1.148231E-5
550.954001	-1.019484E-5
551.004036	-6.856949E-6
551.054071	-1.287468E-6
551.104106	4.596738E-6
551.154141	8.888304E-6
551.204176	1.088148E-5
551.254211	1.042375E-5
551.304246	8.421004E-6
551.354281	6.179836E-6
551.404316	3.929167E-6
551.454351	1.792918E-6
551.504386	-1.182564E-6
551.554421	-4.901915E-6
551.604456	-8.049069E-6
551.654491	-9.765672E-6
551.704527	-9.346064E-6
551.754562	-6.952319E-6
551.804597	-3.948239E-6
551.854632	-2.260222E-6
551.904667	-2.317442E-6
551.954702	-4.005459E-6
552.004737	-5.664859E-6
552.054772	-5.903274E-6
552.104807	-3.795646E-6
552.154842	5.245241E-7
552.204877	4.644422E-6
552.254912	7.362405E-6
552.304947	7.858333E-6
552.354982	6.465940E-6
552.405017	4.367854E-6
552.455052	2.908724E-6
552.505087	2.203001E-6
552.555122	2.164854E-6
552.605157	1.802455E-6
552.655192	5.912820E-7
552.705227	-1.621256E-6
552.755262	-4.062678E-6
552.805297	-5.407366E-6
552.855332	-5.273850E-6
552.905367	-3.595372E-6
552.955402	-1.621256E-6
553.005437	2.002731E-7
553.055472	5.149877E-7
553.105507	3.623990E-7
553.155542	-4.768400E-8
553.205577	-1.335152E-7
553.255612	8.487762E-7
553.305647	2.737062E-6
553.355682	4.520443E-6
553.405717	4.930526E-6
553.455752	3.967310E-6
553.505787	1.506814E-6
553.555822	-7.820175E-7
553.605857	-3.023164E-6
553.655892	-3.862406E-6
553.705927	-4.138972E-6
553.755963	-3.881480E-6
553.805998	-4.053141E-6
553.856033	-4.682569E-6
553.906068	-5.569490E-6
553.956103	-6.208447E-6
554.006138	-6.179836E-6
554.056173	-5.693470E-6
554.106208	-4.653958E-6
554.156243	-3.595369E-6
554.206278	-3.185287E-6
554.256313	-3.089921E-6
554.306348	-3.118531E-6
554.356383	-2.832430E-6
554.406418	-2.403274E-6
554.456453	-1.373299E-6
554.506488	-4.482295E-7
554.556523	8.583124E-8
554.606558	2.765676E-7
554.656593	3.623990E-7
554.706628	5.531350E-7
554.756663	1.049049E-6
554.806698	2.059949E-6
554.856733	2.613083E-6
554.906768	2.546326E-6
554.956803	1.363763E-6
555.006838	0.000000
555.056873	-1.621256E-6
555.106908	-2.651230E-6
555.156943	-2.746598E-6
555.206978	-1.821529E-6
555.257013	-8.010911E-7
555.307048	-3.910090E-7
555.357083	-7.247961E-7
555.407118	-1.239784E-6
555.457153	-1.630793E-6
555.507188	-1.506814E-6
555.557223	-6.103548E-7
555.607258	7.247973E-7
555.657293	1.516351E-6
555.707328	2.040875E-6
555.757363	1.821529E-6
555.807399	1.544962E-6
555.857434	1.459130E-6
555.907469	1.583109E-6
555.957504	2.222074E-6
556.007539	2.555862E-6
