545.500183	3.652596E-6
545.550218	3.852872E-6
545.600254	4.148510E-6
545.650289	3.757503E-6
545.700324	2.965944E-6
545.750359	1.869213E-6
545.800394	1.173027E-6
545.850429	7.152606E-7
545.900464	2.861044E-7
545.950499	-3.433251E-7
546.000534	-1.497278E-6
546.050569	-3.147142E-6
546.100604	-5.741151E-6
546.150639	-9.021815E-6
546.200674	-1.284606E-5
546.250709	-1.712812E-5
546.300744	-2.227794E-5
546.350779	-2.854359E-5
546.400814	-3.727936E-5
546.450849	-4.941963E-5
546.500884	-6.660507E-5
546.550919	-8.946465E-5
546.600954	-0.000121
546.650989	-0.000161
546.701024	-0.000212
546.751059	-0.000276
546.801094	-0.000355
546.851129	-0.000437
546.901164	-0.000519
546.951199	-0.000583
547.001234	-0.000609
547.051269	-0.000563
547.101304	-0.000414
547.151339	-0.000123
547.201374	0.000323
547.251409	0.000889
547.301444	0.001484
547.351479	0.002014
547.401514	0.002325
547.451549	0.002259
547.501584	0.001737
547.551619	0.000827
547.601654	-0.000257
547.651690	-0.001191
547.701725	-0.001797
547.751760	-0.001877
547.801795	-0.001484
547.851830	-0.000902
547.901865	-0.000344
547.951900	-2.767579E-5
548.001935	-1.614579E-5
548.051970	-0.000189
548.102005	-0.000379
548.152040	-0.000440
548.202075	-0.000321
548.252110	-3.623983E-5
548.302145	0.000276
548.352180	0.000487
548.402215	0.000537
548.452250	0.000418
548.502285	0.000212
548.552320	1.371391E-5
548.602355	-9.172486E-5
548.652390	-7.999466E-5
548.702425	8.354231E-6
548.752460	0.000107
548.802495	0.000159
548.852530	0.000139
548.902565	6.773996E-5
548.952600	-8.745233E-6
549.002635	-5.867981E-5
549.052670	-5.521797E-5
549.102705	-1.626978E-5
549.152740	2.583516E-5
549.202775	4.441285E-5
549.252810	3.035562E-5
549.302845	-5.807908E-6
549.352880	-4.152321E-5
549.402915	-5.748772E-5
549.452950	-4.537606E-5
549.502985	-2.088558E-5
549.553020	3.547690E-6
549.603055	1.138697E-5
549.653090	2.660766E-6
549.703126	-1.346595E-5
549.753161	-2.504360E-5
549.803196	-2.232563E-5
549.853231	-6.485016E-6
549.903266	1.378065E-5
549.953301	2.981199E-5
550.003336	3.542924E-5
550.053371	3.059405E-5
550.103406	1.927388E-5
550.153441	7.181206E-6
550.203476	-7.629441E-7
550.253511	-4.043603E-6
550.303546	-4.663495E-6
550.353581	-4.739790E-6
550.403616	-5.731614E-6
550.453651	-7.896476E-6
550.503686	-1.032836E-5
550.553721	-1.273161E-5
550.603756	-1.431474E-5
550.653791	-1.466757E-5
550.703826	-1.449592E-5
550.753861	-1.375203E-5
550.803896	-1.296052E-5
550.853931	-1.255041E-5
550.903966	-1.206404E-5
550.954001	-1.072890E-5
551.004036	-8.144437E-6
551.054071	-3.566760E-6
551.104106	1.668940E-6
551.154141	6.217984E-6
551.204176	9.651242E-6
551.254211	1.115806E-5
551.304246	1.054772E-5
551.354281	9.117183E-6
551.404316	7.324258E-6
551.454351	4.882842E-6
551.504386	1.764308E-6
551.554421	-2.431884E-6
551.604456	-6.675750E-6
551.654491	-9.841962E-6
551.704527	-1.104359E-5
551.754562	-9.651238E-6
551.804597	-6.704360E-6
551.854632	-3.995922E-6
551.904667	-2.918261E-6
551.954702	-3.585834E-6
552.004737	-5.445513E-6
552.054772	-6.532698E-6
552.104807	-5.674395E-6
552.154842	-2.365126E-6
552.204877	2.269758E-6
552.254912	6.437330E-6
552.304947	8.640351E-6
552.354982	8.878768E-6
552.405017	7.095370E-6
552.455052	5.264314E-6
552.505087	3.652596E-6
552.555122	2.985018E-6
552.605157	2.326979E-6
552.655192	1.134880E-6
552.705227	-9.441437E-7
552.755262	-3.194823E-6
552.805297	-5.292924E-6
552.855332	-6.065396E-6
552.905367	-5.350145E-6
552.955402	-3.757497E-6
553.005437	-2.145780E-6
553.055472	-1.201637E-6
553.105507	-1.163490E-6
553.155542	-1.792918E-6
553.205577	-1.745234E-6
553.255612	-7.247967E-7
553.305647	1.611719E-6
553.355682	4.310634E-6
553.405717	6.523161E-6
553.455752	7.143054E-6
553.505787	5.798369E-6
553.555822	3.347414E-6
553.605857	2.288833E-7
553.655892	-1.955044E-6
553.705927	-3.633518E-6
553.755963	-4.358318E-6
553.805998	-4.816084E-6
553.856033	-5.588565E-6
553.906068	-6.494551E-6
553.956103	-7.314716E-6
554.006138	-7.448236E-6
554.056173	-6.952317E-6
554.106208	-6.122616E-6
554.156243	-4.787474E-6
554.206278	-3.614446E-6
554.256313	-2.975481E-6
554.306348	-2.698914E-6
554.356383	-1.983654E-6
554.406418	-1.487741E-6
554.456453	-6.866492E-7
554.506488	3.337884E-7
554.556523	9.250708E-7
554.606558	1.087196E-6
554.656593	9.727550E-7
554.706628	9.727548E-7
554.756663	1.144417E-6
554.806698	1.945507E-6
554.856733	2.374663E-6
554.906768	2.660767E-6
554.956803	2.231611E-6
555.006838	3.910094E-7
555.056873	-1.478204E-6
555.106908	-2.985017E-6
555.156943	-3.671665E-6
555.206978	-3.089920E-6
555.257013	-2.317442E-6
555.307048	-1.211174E-6
555.357083	-1.115806E-6
555.407118	-1.621256E-6
555.457153	-2.450958E-6
555.507188	-2.431884E-6
555.557223	-2.012265E-6
555.607258	-8.487759E-7
555.657293	1.811994E-7
555.707328	8.106288E-7
555.757363	9.155336E-7
555.807399	6.103560E-7
555.857434	6.008190E-7
555.907469	1.010902E-6
555.957504	1.716624E-6
556.007539	2.517715E-6
