545.500183	7.724815E-7
545.550218	8.869238E-7
545.600254	6.580395E-7
545.650289	7.629448E-8
545.700324	-4.577660E-7
545.750359	-7.438704E-7
545.800394	-1.058585E-6
545.850429	-1.173027E-6
545.900464	-1.163490E-6
545.950499	-2.012265E-6
546.000534	-3.356947E-6
546.050569	-5.855591E-6
546.100604	-8.935985E-6
546.150639	-1.294143E-5
546.200674	-1.716627E-5
546.250709	-2.178202E-5
546.300744	-2.819073E-5
546.350779	-3.648780E-5
546.400814	-4.802726E-5
546.450849	-6.419228E-5
546.500884	-8.638428E-5
546.550919	-0.000116
546.600954	-0.000155
546.650989	-0.000204
546.701024	-0.000266
546.751059	-0.000339
546.801094	-0.000422
546.851129	-0.000504
546.901164	-0.000578
546.951199	-0.000613
547.001234	-0.000584
547.051269	-0.000455
547.101304	-0.000195
547.151339	0.000226
547.201374	0.000792
547.251409	0.001425
547.301444	0.001986
547.351479	0.002345
547.401514	0.002342
547.451549	0.001893
547.501584	0.001015
547.551619	-0.000109
547.601654	-0.001146
547.651690	-0.001814
547.701725	-0.001971
547.751760	-0.001640
547.801795	-0.000982
547.851830	-0.000377
547.901865	4.692105E-6
547.951900	6.902741E-5
548.001935	-0.000101
548.051970	-0.000329
548.102005	-0.000448
548.152040	-0.000371
548.202075	-0.000118
548.252110	0.000203
548.302145	0.000446
548.352180	0.000535
548.402215	0.000437
548.452250	0.000232
548.502285	2.123844E-5
548.552320	-9.915399E-5
548.602355	-0.000102
548.652390	-1.129156E-5
548.702425	0.000102
548.752460	0.000166
548.802495	0.000157
548.852530	8.702325E-5
548.902565	1.649864E-6
548.952600	-5.702041E-5
549.002635	-6.244706E-5
549.052670	-2.418529E-5
549.102705	2.317440E-5
549.152740	4.680658E-5
549.202775	3.721260E-5
549.252810	4.863766E-7
549.302845	-3.875757E-5
549.352880	-5.835556E-5
549.402915	-5.010628E-5
549.452950	-2.177250E-5
549.502985	3.309270E-6
549.553020	1.467711E-5
549.603055	6.561312E-6
549.653090	-1.164442E-5
549.703126	-2.603543E-5
549.753161	-2.612126E-5
549.803196	-1.113897E-5
549.853231	1.172072E-5
549.903266	2.987875E-5
549.953301	3.725072E-5
550.003336	3.253006E-5
550.053371	2.115262E-5
550.103406	7.724812E-6
550.153441	-7.152600E-7
550.203476	-3.995922E-6
550.253511	-3.986384E-6
550.303546	-3.433240E-6
550.353581	-4.224803E-6
550.403616	-6.656676E-6
550.453651	-1.013760E-5
550.503686	-1.292236E-5
550.553721	-1.451499E-5
550.603756	-1.461035E-5
550.653791	-1.389510E-5
550.703826	-1.253131E-5
550.753861	-1.172074E-5
550.803896	-1.214986E-5
550.853931	-1.264577E-5
550.903966	-1.263623E-5
550.954001	-1.063354E-5
551.004036	-6.465940E-6
551.054071	-5.149871E-7
551.104106	5.559953E-6
551.154141	1.029976E-5
551.204176	1.211172E-5
551.254211	1.142510E-5
551.304246	9.336527E-6
551.354281	6.570845E-6
551.404316	3.891019E-6
551.454351	7.820184E-7
551.504386	-3.004090E-6
551.554421	-6.809265E-6
551.604456	-9.927786E-6
551.654491	-1.087194E-5
551.704527	-9.403283E-6
551.754562	-6.351499E-6
551.804597	-3.347410E-6
551.854632	-1.649866E-6
551.904667	-2.307906E-6
551.954702	-4.196193E-6
552.004737	-5.979566E-6
552.054772	-5.645784E-6
552.104807	-2.927796E-6
552.154842	1.564035E-6
552.204877	5.760223E-6
552.254912	8.459152E-6
552.304947	8.535446E-6
552.354982	6.542235E-6
552.405017	4.320170E-6
552.455052	2.689378E-6
552.505087	2.260222E-6
552.555122	2.117170E-6
552.605157	1.506814E-6
552.655192	-3.814712E-8
552.705227	-2.717988E-6
552.755262	-5.245240E-6
552.805297	-6.303815E-6
552.855332	-5.569491E-6
552.905367	-3.271121E-6
552.955402	-6.961862E-7
553.005437	1.335152E-6
553.055472	1.640330E-6
553.105507	9.727548E-7
553.155542	2.288834E-7
553.205577	1.430521E-7
553.255612	1.096733E-6
553.305647	2.756135E-6
553.355682	4.024533E-6
553.405717	4.425075E-6
553.455752	3.185288E-6
553.505787	1.010902E-6
553.555822	-1.373299E-6
553.605857	-3.061311E-6
553.655892	-3.719350E-6
553.705927	-3.767034E-6
553.755963	-3.757498E-6
553.805998	-4.234339E-6
553.856033	-5.178482E-6
553.906068	-6.132153E-6
553.956103	-6.608992E-6
554.006138	-6.341962E-6
554.056173	-5.245240E-6
554.106208	-4.234339E-6
554.156243	-3.328335E-6
554.206278	-3.004090E-6
554.256313	-3.299726E-6
554.306348	-3.538148E-6
554.356383	-3.414166E-6
554.406418	-2.784746E-6
554.456453	-1.516351E-6
554.506488	-5.912815E-7
554.556523	9.536804E-8
554.606558	2.670308E-7
554.656593	8.583120E-8
554.706628	2.765673E-7
554.756663	1.068122E-6
554.806698	2.098096E-6
554.856733	2.708451E-6
554.906768	2.546326E-6
554.956803	1.478204E-6
555.006838	-4.005458E-7
555.056873	-2.107633E-6
555.106908	-3.013626E-6
555.156943	-2.641694E-6
555.206978	-1.564035E-6
555.257013	-7.724803E-7
555.307048	-2.193464E-7
555.357083	-6.103555E-7
555.407118	-1.287468E-6
555.457153	-1.573572E-6
555.507188	-1.401910E-6
555.557223	-2.765675E-7
555.607258	1.115806E-6
555.657293	1.506814E-6
555.707328	1.831066E-6
555.757363	1.573572E-6
555.807399	1.354226E-6
555.857434	1.735698E-6
555.907469	2.222074E-6
555.957504	2.784746E-6
556.007539	3.185288E-6
