545.500183	-2.138769E-7
545.550218	-2.468350E-7
545.600254	-1.718028E-7
545.650289	-2.545486E-7
545.700324	-2.026572E-7
545.750359	-2.264992E-7
545.800394	-2.482375E-7
545.850429	-2.545486E-7
545.900464	-2.089683E-7
545.950499	-2.489387E-7
546.000534	-1.879312E-7
546.050569	-2.229930E-7
546.100604	-2.124745E-7
546.150639	-2.398227E-7
546.200674	-2.019559E-7
546.250709	-1.879312E-7
546.300744	-1.893336E-7
546.350779	-2.089683E-7
546.400814	-2.012546E-7
546.450849	-1.528694E-7
546.500884	-1.521682E-7
546.550919	-8.905695E-8
546.600954	-8.484955E-8
546.650989	-9.326434E-8
546.701024	-3.085438E-8
546.751059	1.682970E-8
546.801094	5.680016E-8
546.851129	1.100941E-7
546.901164	1.802178E-7
546.951199	2.229931E-7
547.001234	2.026573E-7
547.051269	7.362984E-8
547.101304	-9.186190E-8
547.151339	-4.558031E-7
547.201374	-8.793493E-7
547.251409	-1.295883E-6
547.301444	-1.753789E-6
547.351479	-2.093187E-6
547.401514	-1.779034E-6
547.451549	-1.402471E-6
547.501584	-8.597146E-7
547.551619	4.207600E-9
547.601654	7.650484E-7
547.651690	1.258718E-6
547.701725	1.349878E-6
547.751760	1.055360E-6
547.801795	4.515960E-7
547.851830	-6.311120E-8
547.901865	-4.018080E-7
547.951900	-4.354672E-7
548.001935	-2.861041E-7
548.051970	-7.082479E-8
548.102005	-5.048887E-8
548.152040	-2.384199E-8
548.202075	-2.012547E-7
548.252110	-4.558031E-7
548.302145	-5.974526E-7
548.352180	-6.528501E-7
548.402215	-5.595858E-7
548.452250	-3.660450E-7
548.502285	-1.963459E-7
548.552320	-1.220150E-7
548.602355	-1.451558E-7
548.652390	-2.236942E-7
548.702425	-2.959216E-7
548.752460	-3.793684E-7
548.802495	-3.155560E-7
548.852530	-2.945189E-7
548.902565	-1.977485E-7
548.952600	-1.297286E-7
549.002635	-1.675954E-7
549.052670	-1.963460E-7
549.102705	-2.321091E-7
549.152740	-2.622622E-7
549.202775	-2.594572E-7
549.252810	-1.879312E-7
549.302845	-1.521682E-7
549.352880	-1.388447E-7
549.402915	-1.290274E-7
549.452950	-1.605830E-7
549.502985	-1.823214E-7
549.553020	-2.797930E-7
549.603055	-2.903116E-7
549.653090	-2.131757E-7
549.703126	-2.250967E-7
549.753161	-1.935411E-7
549.803196	-1.689978E-7
549.853231	-1.444546E-7
549.903266	-1.851263E-7
549.953301	-2.131757E-7
550.003336	-2.748844E-7
550.053371	-2.538473E-7
550.103406	-3.246721E-7
550.153441	-2.769880E-7
550.203476	-2.082670E-7
550.253511	-1.128989E-7
550.303546	-1.241187E-7
550.353581	-1.192101E-7
550.403616	-1.900349E-7
550.453651	-2.159807E-7
550.503686	-2.713781E-7
550.553721	-3.008301E-7
550.603756	-2.762869E-7
550.653791	-2.349140E-7
550.703826	-1.746077E-7
550.753861	-1.500645E-7
550.803896	-1.802176E-7
550.853931	-1.682966E-7
550.903966	-2.257980E-7
550.954001	-2.622622E-7
551.004036	-2.875067E-7
551.054071	-2.559511E-7
551.104106	-2.321090E-7
551.154141	-1.900349E-7
551.204176	-1.921386E-7
551.254211	-2.040596E-7
551.304246	-1.872300E-7
551.354281	-2.257979E-7
551.404316	-2.664695E-7
551.454351	-2.377189E-7
551.504386	-2.587560E-7
551.554421	-1.837238E-7
551.604456	-2.117732E-7
551.654491	-1.689978E-7
551.704527	-2.040596E-7
551.754562	-2.180843E-7
551.804597	-2.082671E-7
551.854632	-2.587560E-7
551.904667	-2.145782E-7
551.954702	-2.257979E-7
552.004737	-2.040596E-7
552.054772	-2.243955E-7
552.104807	-2.173831E-7
552.154842	-2.335115E-7
552.204877	-2.314078E-7
552.254912	-2.180843E-7
552.304947	-1.795164E-7
552.354982	-2.342127E-7
552.405017	-2.545486E-7
552.455052	-2.342128E-7
552.505087	-2.264991E-7
552.555122	-2.489388E-7
552.605157	-2.194868E-7
552.655192	-1.928398E-7
552.705227	-2.131757E-7
552.755262	-2.033583E-7
552.805297	-2.349140E-7
552.855332	-2.650671E-7
552.905367	-2.783906E-7
552.955402	-2.482374E-7
553.005437	-2.419263E-7
553.055472	-1.689978E-7
553.105507	-2.166819E-7
553.155542	-2.138769E-7
553.205577	-2.117732E-7
553.255612	-2.391214E-7
553.305647	-3.057388E-7
553.355682	-2.601585E-7
553.405717	-2.166818E-7
553.455752	-2.173831E-7
553.505787	-1.802176E-7
553.555822	-1.928399E-7
553.605857	-1.725040E-7
553.655892	-2.370177E-7
553.705927	-1.689979E-7
553.755963	-2.103708E-7
553.805998	-2.272004E-7
553.856033	-2.103707E-7
553.906068	-2.447313E-7
553.956103	-1.605830E-7
554.006138	-2.264991E-7
554.056173	-2.222918E-7
554.106208	-2.286028E-7
554.156243	-2.201880E-7
554.206278	-2.755856E-7
554.256313	-2.264992E-7
554.306348	-2.419264E-7
554.356383	-2.272004E-7
554.406418	-2.222917E-7
554.456453	-2.040596E-7
554.506488	-2.229930E-7
554.556523	-1.935411E-7
554.606558	-2.279017E-7
554.656593	-2.552498E-7
554.706628	-2.264991E-7
554.756663	-2.622622E-7
554.806698	-2.349140E-7
554.856733	-2.131757E-7
554.906768	-2.138769E-7
554.956803	-1.921386E-7
555.006838	-2.180844E-7
555.056873	-1.984497E-7
555.106908	-2.096695E-7
555.156943	-2.131757E-7
555.206978	-2.699757E-7
555.257013	-2.124744E-7
555.307048	-2.180843E-7
555.357083	-2.173831E-7
555.407118	-1.816201E-7
555.457153	-1.970472E-7
555.507188	-1.696991E-7
555.557223	-2.356152E-7
555.607258	-2.468350E-7
555.657293	-2.272004E-7
555.707328	-2.377189E-7
555.757363	-1.977485E-7
555.807399	-1.619855E-7
555.857434	-1.816200E-7
555.907469	-2.208892E-7
555.957504	-2.250967E-7
556.007539	-2.314079E-7
