545.500183	7.629444E-8
545.550218	0.000000
545.600254	-7.247966E-7
545.650289	-1.068122E-6
545.700324	-1.106269E-6
545.750359	-7.820181E-7
545.800394	8.583132E-8
545.850429	1.153954E-6
545.900464	2.374663E-6
545.950499	2.851503E-6
546.000534	2.765672E-6
546.050569	1.535425E-6
546.100604	-7.343338E-7
546.150639	-4.129434E-6
546.200674	-8.525907E-6
546.250709	-1.340872E-5
546.300744	-1.890194E-5
546.350779	-2.571117E-5
546.400814	-3.446603E-5
546.450849	-4.681610E-5
546.500884	-6.285715E-5
546.550919	-8.460091E-5
546.600954	-0.000113
546.650989	-0.000153
546.701024	-0.000201
546.751059	-0.000263
546.801094	-0.000336
546.851129	-0.000413
546.901164	-0.000494
546.951199	-0.000562
547.001234	-0.000587
547.051269	-0.000545
547.101304	-0.000403
547.151339	-0.000128
547.201374	0.000310
547.251409	0.000843
547.301444	0.001440
547.351479	0.001940
547.401514	0.002251
547.451549	0.002179
547.501584	0.001674
547.551619	0.000796
547.601654	-0.000247
547.651690	-0.001184
547.701725	-0.001776
547.751760	-0.001837
547.801795	-0.001483
547.851830	-0.000875
547.901865	-0.000319
547.951900	1.089101E-5
548.001935	3.998778E-5
548.051970	-0.000122
548.102005	-0.000317
548.152040	-0.000402
548.202075	-0.000303
548.252110	-5.357772E-5
548.302145	0.000236
548.352180	0.000445
548.402215	0.000503
548.452250	0.000389
548.502285	0.000199
548.552320	4.920992E-6
548.602355	-9.738968E-5
548.652390	-9.026573E-5
548.702425	1.630794E-6
548.752460	9.882977E-5
548.802495	0.000156
548.852530	0.000144
548.902565	7.765816E-5
548.952600	-3.147144E-6
549.002635	-5.431199E-5
549.052670	-5.655314E-5
549.102705	-2.333654E-5
549.152740	1.701366E-5
549.202775	3.716490E-5
549.252810	2.718938E-5
549.302845	-5.769760E-6
549.352880	-3.705049E-5
549.402915	-5.147957E-5
549.452950	-4.098916E-5
549.502985	-1.715671E-5
549.553020	4.987747E-6
549.603055	1.193054E-5
549.653090	2.174390E-6
549.703126	-1.510628E-5
549.753161	-2.750411E-5
549.803196	-2.512944E-5
549.853231	-9.756143E-6
549.903266	1.173979E-5
549.953301	2.934469E-5
550.003336	3.628754E-5
550.053371	3.129027E-5
550.103406	1.995099E-5
550.153441	7.352875E-6
550.203476	-1.211174E-6
550.253511	-4.396462E-6
550.303546	-4.224804E-6
550.353581	-3.004091E-6
550.403616	-2.880108E-6
550.453651	-4.119898E-6
550.503686	-6.074934E-6
550.553721	-8.382848E-6
550.603756	-9.880116E-6
550.653791	-1.079567E-5
550.703826	-1.120573E-5
550.753861	-1.170165E-5
550.803896	-1.257900E-5
550.853931	-1.354223E-5
550.903966	-1.437195E-5
550.954001	-1.402864E-5
551.004036	-1.133925E-5
551.054071	-6.685294E-6
551.104106	-5.817448E-7
551.154141	5.340607E-6
551.204176	9.946881E-6
551.254211	1.228339E-5
551.304246	1.211174E-5
551.354281	1.050956E-5
551.404316	7.715269E-6
551.454351	4.072213E-6
551.504386	-2.098089E-7
551.554421	-4.959134E-6
551.604456	-9.136251E-6
551.654491	-1.120573E-5
551.704527	-1.070028E-5
551.754562	-7.486390E-6
551.804597	-3.328343E-6
551.854632	-1.621261E-7
551.904667	5.722076E-7
551.954702	-1.230247E-6
552.004737	-4.262950E-6
552.054772	-6.618533E-6
552.104807	-6.265677E-6
552.154842	-2.937334E-6
552.204877	1.859676E-6
552.254912	6.465943E-6
552.304947	8.964602E-6
552.354982	8.668952E-6
552.405017	6.370572E-6
552.455052	3.900556E-6
552.505087	2.374663E-6
552.555122	1.678477E-6
552.605157	1.487741E-6
552.655192	7.343343E-7
552.705227	-1.325615E-6
552.755262	-4.253407E-6
552.805297	-6.647146E-6
552.855332	-7.257494E-6
552.905367	-5.598098E-6
552.955402	-2.717985E-6
553.005437	-1.811994E-7
553.055472	1.068121E-6
553.105507	7.152618E-7
553.155542	-1.182563E-6
553.205577	-2.651229E-6
553.255612	-2.546326E-6
553.305647	-3.528613E-7
553.355682	2.708449E-6
553.405717	5.846050E-6
553.455752	7.705733E-6
553.505787	7.038152E-6
553.555822	4.911451E-6
553.605857	1.506815E-6
553.655892	-1.306542E-6
553.705927	-3.452312E-6
553.755963	-4.997283E-6
553.805998	-6.122623E-6
553.856033	-6.809271E-6
553.906068	-7.267034E-6
553.956103	-7.324260E-6
554.006138	-6.732971E-6
554.056173	-5.655317E-6
554.106208	-4.282023E-6
554.156243	-3.242510E-6
554.206278	-2.613081E-6
554.256313	-2.584473E-6
554.306348	-3.070847E-6
554.356383	-3.299731E-6
554.406418	-3.032702E-6
554.456453	-2.250683E-6
554.506488	-1.268395E-6
554.556523	-4.005459E-7
554.606558	1.907388E-8
554.656593	-9.536804E-8
554.706628	6.675768E-8
554.756663	7.534082E-7
554.806698	1.974118E-6
554.856733	3.080386E-6
554.906768	3.976843E-6
554.956803	3.395100E-6
555.006838	1.935970E-6
555.056873	-4.196194E-7
555.106908	-2.136243E-6
555.156943	-2.708451E-6
555.206978	-1.783382E-6
555.257013	-4.100825E-7
555.307048	9.346064E-7
555.357083	1.020438E-6
555.407118	3.623984E-7
555.457153	-7.915545E-7
555.507188	-1.354226E-6
555.557223	-1.106269E-6
555.607258	-5.626714E-7
555.657293	2.384204E-7
555.707328	3.337882E-7
555.757363	-9.536792E-8
555.807399	-6.771128E-7
555.857434	-5.626710E-7
555.907469	3.147149E-7
555.957504	1.297005E-6
556.007539	2.355590E-6
