545.500183	-2.247961E-7
545.550218	-2.166218E-7
545.600254	-2.220713E-7
545.650289	-2.343330E-7
545.700324	-2.370578E-7
545.750359	-2.384202E-7
545.800394	-2.207090E-7
545.850429	-2.254774E-7
545.900464	-2.275210E-7
545.950499	-2.881478E-7
546.000534	-2.350142E-7
546.050569	-2.547690E-7
546.100604	-2.513630E-7
546.150639	-2.745238E-7
546.200674	-2.016353E-7
546.250709	-2.527253E-7
546.300744	-2.309270E-7
546.350779	-2.370578E-7
546.400814	-1.689377E-7
546.450849	-2.145782E-7
546.500884	-1.389649E-7
546.550919	-1.341965E-7
546.600954	-1.028613E-7
546.650989	-5.653960E-8
546.701024	-3.474118E-8
546.751059	-2.043600E-8
546.801094	9.809293E-8
546.851129	1.559949E-7
546.901164	2.792922E-7
546.951199	3.276575E-7
547.001234	3.732980E-7
547.051269	3.630800E-7
547.101304	2.166218E-7
547.151339	-2.043595E-8
547.201374	-5.497285E-7
547.251409	-1.064035E-6
547.301444	-1.729567E-6
547.351479	-2.373981E-6
547.401514	-2.824254E-6
547.451549	-2.735016E-6
547.501584	-2.175753E-6
547.551619	-1.459812E-6
547.601654	-1.934608E-7
547.651690	9.291576E-7
547.701725	1.627387E-6
547.751760	1.952319E-6
547.801795	1.624662E-6
547.851830	9.475499E-7
547.901865	2.574938E-7
547.951900	-2.077661E-7
548.001935	-3.576299E-7
548.051970	-1.668940E-7
548.102005	-1.362277E-9
548.152040	1.239785E-7
548.202075	8.923730E-8
548.252110	-2.125345E-7
548.302145	-5.517720E-7
548.352180	-7.506823E-7
548.402215	-8.085847E-7
548.452250	-7.370586E-7
548.502285	-4.965948E-7
548.552320	-2.935974E-7
548.602355	-1.437333E-7
548.652390	-9.945525E-8
548.702425	-2.077661E-7
548.752460	-4.005458E-7
548.802495	-4.298373E-7
548.852530	-4.216629E-7
548.902565	-3.501369E-7
548.952600	-2.098097E-7
549.002635	-1.607633E-7
549.052670	-1.294281E-7
549.102705	-1.573573E-7
549.152740	-2.336518E-7
549.202775	-3.317445E-7
549.252810	-3.310634E-7
549.302845	-2.356954E-7
549.352880	-2.138969E-7
549.402915	-1.287469E-7
549.452950	-1.001365E-7
549.502985	-1.205725E-7
549.553020	-1.784745E-7
549.603055	-2.765674E-7
549.653090	-3.215266E-7
549.703126	-2.854230E-7
549.753161	-2.520442E-7
549.803196	-2.363766E-7
549.853231	-1.832429E-7
549.903266	-1.587197E-7
549.953301	-1.839242E-7
550.003336	-2.207089E-7
550.053371	-2.963222E-7
550.103406	-3.494558E-7
550.153441	-4.107638E-7
550.203476	-3.201642E-7
550.253511	-2.738426E-7
550.303546	-1.989105E-7
550.353581	-1.130793E-7
550.403616	-9.877405E-8
550.453651	-1.382837E-7
550.503686	-2.193466E-7
550.553721	-2.643058E-7
550.603756	-3.297011E-7
550.653791	-3.290198E-7
550.703826	-2.254774E-7
550.753861	-1.982293E-7
550.803896	-1.178477E-7
550.853931	-1.648505E-7
550.903966	-1.696189E-7
550.954001	-2.247962E-7
551.004036	-3.058589E-7
551.054071	-3.147146E-7
551.104106	-3.678481E-7
551.154141	-2.792922E-7
551.204176	-1.873301E-7
551.254211	-1.655317E-7
551.304246	-1.655317E-7
551.354281	-2.159406E-7
551.404316	-2.513630E-7
551.454351	-2.881478E-7
551.504386	-3.460498E-7
551.554421	-2.738426E-7
551.604456	-2.138970E-7
551.654491	-2.227525E-7
551.704527	-1.634881E-7
551.754562	-1.696189E-7
551.804597	-1.737061E-7
551.854632	-2.568126E-7
551.904667	-2.663494E-7
551.954702	-2.813358E-7
552.004737	-2.704366E-7
552.054772	-2.132158E-7
552.104807	-1.975481E-7
552.154842	-2.084473E-7
552.204877	-1.927797E-7
552.254912	-2.009542E-7
552.304947	-2.520441E-7
552.354982	-2.513630E-7
552.405017	-2.411450E-7
552.455052	-2.820170E-7
552.505087	-3.031342E-7
552.555122	-2.472758E-7
552.605157	-2.036789E-7
552.655192	-2.486382E-7
552.705227	-1.995918E-7
552.755262	-2.438697E-7
552.805297	-2.084473E-7
552.855332	-2.377389E-7
552.905367	-3.044967E-7
552.955402	-2.472758E-7
553.005437	-1.920985E-7
553.055472	-2.391013E-7
553.105507	-2.118534E-7
553.155542	-1.989106E-7
553.205577	-1.764309E-7
553.255612	-2.779297E-7
553.305647	-2.629434E-7
553.355682	-3.092650E-7
553.405717	-3.065402E-7
553.455752	-2.636246E-7
553.505787	-2.384202E-7
553.555822	-2.438698E-7
553.605857	-2.431885E-7
553.655892	-2.070850E-7
553.705927	-1.914173E-7
553.755963	-2.193465E-7
553.805998	-2.711178E-7
553.856033	-2.397826E-7
553.906068	-2.200278E-7
553.956103	-2.173030E-7
554.006138	-1.852865E-7
554.056173	-2.104910E-7
554.106208	-2.043601E-7
554.156243	-2.009541E-7
554.206278	-2.268398E-7
554.256313	-2.506817E-7
554.306348	-2.602186E-7
554.356383	-2.690742E-7
554.406418	-2.608998E-7
554.456453	-2.561313E-7
554.506488	-2.643058E-7
554.556523	-2.295645E-7
554.606558	-2.472758E-7
554.656593	-2.370578E-7
554.706628	-2.200278E-7
554.756663	-2.881477E-7
554.806698	-2.772486E-7
554.856733	-2.704366E-7
554.906768	-2.438698E-7
554.956803	-2.132158E-7
555.006838	-1.975481E-7
555.056873	-2.336517E-7
555.106908	-2.138970E-7
555.156943	-2.561313E-7
555.206978	-2.854230E-7
555.257013	-2.574938E-7
555.307048	-2.336517E-7
555.357083	-2.241150E-7
555.407118	-2.445510E-7
555.457153	-2.057225E-7
555.507188	-2.493194E-7
555.557223	-2.329705E-7
555.607258	-2.574938E-7
555.657293	-2.704366E-7
555.707328	-2.500006E-7
555.757363	-2.561313E-7
555.807399	-2.500006E-7
555.857434	-2.193465E-7
555.907469	-2.377389E-7
555.957504	-2.186653E-7
556.007539	-2.370577E-7
