545.500183	-2.832992E-7
545.550218	-2.201880E-7
545.600254	-2.517437E-7
545.650289	-2.622621E-7
545.700324	-2.314078E-7
545.750359	-2.328103E-7
545.800394	-2.475363E-7
545.850429	-2.138770E-7
545.900464	-2.629634E-7
545.950499	-2.012547E-7
546.000534	-2.573535E-7
546.050569	-2.222918E-7
546.100604	-2.103708E-7
546.150639	-2.257979E-7
546.200674	-2.342127E-7
546.250709	-2.762869E-7
546.300744	-2.082671E-7
546.350779	-2.159806E-7
546.400814	-1.788151E-7
546.450849	-1.886325E-7
546.500884	-1.739065E-7
546.550919	-1.444546E-7
546.600954	-1.914373E-7
546.650989	-1.262224E-7
546.701024	-3.716548E-8
546.751059	-1.262222E-8
546.801094	3.436066E-8
546.851129	9.606941E-8
546.901164	1.241188E-7
546.951199	1.675955E-7
547.001234	7.643475E-8
547.051269	7.503231E-8
547.101304	-1.058865E-7
547.151339	-3.415018E-7
547.201374	-7.124552E-7
547.251409	-1.105848E-6
547.301444	-1.384238E-6
547.351479	-1.667537E-6
547.401514	-1.551834E-6
547.451549	-1.479606E-6
547.501584	-9.179171E-7
547.551619	-1.879310E-7
547.601654	4.761392E-7
547.651690	8.940756E-7
547.701725	1.069384E-6
547.751760	7.566334E-7
547.801795	3.541242E-7
547.851830	-3.786669E-8
547.901865	-3.064399E-7
547.951900	-4.242474E-7
548.001935	-1.928398E-7
548.051970	-7.362966E-8
548.102005	2.103712E-8
548.152040	-1.192098E-8
548.202075	-1.164051E-7
548.252110	-3.639414E-7
548.302145	-5.637931E-7
548.352180	-6.023612E-7
548.402215	-5.168105E-7
548.452250	-3.527215E-7
548.502285	-2.405239E-7
548.552320	-1.444546E-7
548.602355	-1.093928E-7
548.652390	-1.844250E-7
548.702425	-3.232698E-7
548.752460	-4.060155E-7
548.802495	-3.450079E-7
548.852530	-2.797931E-7
548.902565	-2.552498E-7
548.952600	-1.563756E-7
549.002635	-1.802176E-7
549.052670	-2.012547E-7
549.102705	-2.748845E-7
549.152740	-2.608598E-7
549.202775	-3.036351E-7
549.252810	-2.615610E-7
549.302845	-1.844250E-7
549.352880	-1.865288E-7
549.402915	-1.542718E-7
549.452950	-1.661929E-7
549.502985	-2.215906E-7
549.553020	-2.748844E-7
549.603055	-2.580548E-7
549.653090	-2.131757E-7
549.703126	-2.510425E-7
549.753161	-1.893337E-7
549.803196	-1.837238E-7
549.853231	-2.314078E-7
549.903266	-1.718028E-7
549.953301	-2.426276E-7
550.003336	-2.840005E-7
550.053371	-2.847017E-7
550.103406	-2.650672E-7
550.153441	-2.818968E-7
550.203476	-2.243955E-7
550.253511	-1.809189E-7
550.303546	-1.767114E-7
550.353581	-1.809189E-7
550.403616	-1.858275E-7
550.453651	-2.706770E-7
550.503686	-3.379955E-7
550.553721	-3.029338E-7
550.603756	-2.643658E-7
550.653791	-1.991510E-7
550.703826	-1.907361E-7
550.753861	-1.367410E-7
550.803896	-1.549731E-7
550.853931	-1.879312E-7
550.903966	-2.559510E-7
550.954001	-2.594573E-7
551.004036	-2.629635E-7
551.054071	-2.370177E-7
551.104106	-1.872299E-7
551.154141	-2.243954E-7
551.204176	-2.110719E-7
551.254211	-2.061633E-7
551.304246	-1.907361E-7
551.354281	-2.089683E-7
551.404316	-2.832992E-7
551.454351	-2.636647E-7
551.504386	-2.776894E-7
551.554421	-2.552498E-7
551.604456	-2.412251E-7
551.654491	-2.321091E-7
551.704527	-1.949435E-7
551.754562	-1.753089E-7
551.804597	-1.851262E-7
551.854632	-2.475361E-7
551.904667	-2.496399E-7
551.954702	-2.384202E-7
552.004737	-2.103708E-7
552.054772	-2.180844E-7
552.104807	-2.229930E-7
552.154842	-2.061633E-7
552.204877	-2.314078E-7
552.254912	-2.433288E-7
552.304947	-2.601585E-7
552.354982	-2.622622E-7
552.405017	-2.503411E-7
552.455052	-2.314078E-7
552.505087	-2.503411E-7
552.555122	-2.307065E-7
552.605157	-1.809189E-7
552.655192	-1.872300E-7
552.705227	-2.222917E-7
552.755262	-2.321090E-7
552.805297	-2.061633E-7
552.855332	-2.510425E-7
552.905367	-2.272004E-7
552.955402	-2.426275E-7
553.005437	-2.475362E-7
553.055472	-2.194868E-7
553.105507	-2.250967E-7
553.155542	-2.222918E-7
553.205577	-2.356152E-7
553.255612	-2.222917E-7
553.305647	-2.678720E-7
553.355682	-2.734820E-7
553.405717	-2.475362E-7
553.455752	-2.335115E-7
553.505787	-2.005535E-7
553.555822	-1.816201E-7
553.605857	-2.082670E-7
553.655892	-1.921385E-7
553.705927	-2.103707E-7
553.755963	-2.194868E-7
553.805998	-2.545486E-7
553.856033	-2.482375E-7
553.906068	-2.229930E-7
553.956103	-2.328103E-7
554.006138	-2.061633E-7
554.056173	-2.314078E-7
554.106208	-2.236942E-7
554.156243	-2.103708E-7
554.206278	-2.601585E-7
554.256313	-2.475363E-7
554.306348	-2.440301E-7
554.356383	-2.005534E-7
554.406418	-2.391214E-7
554.456453	-2.054621E-7
554.506488	-2.229930E-7
554.556523	-2.531461E-7
554.606558	-2.496400E-7
554.656593	-2.461338E-7
554.706628	-2.496400E-7
554.756663	-2.264991E-7
554.806698	-2.531461E-7
554.856733	-2.075658E-7
554.906768	-2.272004E-7
554.956803	-2.208893E-7
555.006838	-2.496399E-7
555.056873	-2.643659E-7
555.106908	-2.405238E-7
555.156943	-2.573535E-7
555.206978	-2.272004E-7
555.257013	-2.496400E-7
555.307048	-2.461338E-7
555.357083	-2.194868E-7
555.407118	-2.272004E-7
555.457153	-2.229930E-7
555.507188	-2.082670E-7
555.557223	-2.250967E-7
555.607258	-2.131756E-7
555.657293	-2.657683E-7
555.707328	-2.377190E-7
555.757363	-2.524449E-7
555.807399	-2.650671E-7
555.857434	-2.440301E-7
555.907469	-2.377189E-7
555.957504	-2.082670E-7
556.007539	-2.272005E-7
