545.500183	-2.484942E-7
545.550218	-2.236448E-7
545.600254	-2.666276E-7
545.650289	-2.202868E-7
545.700324	-2.149140E-7
545.750359	-2.135707E-7
545.800394	-2.142424E-7
545.850429	-2.518523E-7
545.900464	-2.209585E-7
545.950499	-2.209584E-7
546.000534	-2.370770E-7
546.050569	-2.538671E-7
546.100604	-2.767017E-7
546.150639	-2.431214E-7
546.200674	-2.437930E-7
546.250709	-1.987954E-7
546.300744	-2.249880E-7
546.350779	-1.981238E-7
546.400814	-2.122275E-7
546.450849	-2.169288E-7
546.500884	-1.632003E-7
546.550919	-1.007409E-7
546.600954	-1.040989E-7
546.650989	-2.081976E-8
546.701024	-4.768399E-8
546.751059	1.343251E-9
546.801094	1.370077E-7
546.851129	1.947658E-7
546.901164	3.237143E-7
546.951199	3.264007E-7
547.001234	4.083367E-7
547.051269	3.559514E-7
547.101304	2.176005E-7
547.151339	-9.402485E-8
547.201374	-6.266079E-7
547.251409	-1.207547E-6
547.301444	-1.950343E-6
547.351479	-2.593740E-6
547.401514	-3.013493E-6
547.451549	-3.109533E-6
547.501584	-2.206224E-6
547.551619	-1.366718E-6
547.601654	1.766326E-7
547.651690	1.313661E-6
547.701725	2.131005E-6
547.751760	2.260624E-6
547.801795	1.652150E-6
547.851830	1.040318E-6
547.901865	2.357338E-7
547.951900	-3.512499E-7
548.001935	-5.178080E-7
548.051970	-2.975214E-7
548.102005	-7.051855E-8
548.152040	9.536810E-8
548.202075	-6.716225E-10
548.252110	-2.377486E-7
548.302145	-6.494425E-7
548.352180	-8.153294E-7
548.402215	-9.556951E-7
548.452250	-7.971959E-7
548.502285	-5.171365E-7
548.552320	-2.458078E-7
548.602355	-8.596560E-8
548.652390	-1.302916E-7
548.702425	-2.055115E-7
548.752460	-3.599808E-7
548.802495	-4.540055E-7
548.852530	-4.472894E-7
548.902565	-3.371462E-7
548.952600	-2.055115E-7
549.002635	-1.188743E-7
549.052670	-1.054421E-7
549.102705	-1.853633E-7
549.152740	-2.612548E-7
549.202775	-3.687117E-7
549.252810	-3.109536E-7
549.302845	-2.337189E-7
549.352880	-1.685731E-7
549.402915	-8.663720E-8
549.452950	-5.507171E-8
549.502985	-9.872609E-8
549.553020	-2.095411E-7
549.603055	-2.733436E-7
549.653090	-2.854326E-7
549.703126	-2.975215E-7
549.753161	-2.652844E-7
549.803196	-1.739459E-7
549.853231	-1.611855E-7
549.903266	-1.578274E-7
549.953301	-1.846917E-7
550.003336	-2.088695E-7
550.053371	-3.411759E-7
550.103406	-3.452055E-7
550.153441	-3.767709E-7
550.203476	-3.190127E-7
550.253511	-2.511806E-7
550.303546	-1.625287E-7
550.353581	-8.999518E-8
550.403616	-1.262620E-7
550.453651	-1.437237E-7
550.503686	-2.102127E-7
550.553721	-3.082672E-7
550.603756	-3.203561E-7
550.653791	-3.243857E-7
550.703826	-2.055115E-7
550.753861	-1.900645E-7
550.803896	-1.309632E-7
550.853931	-1.618571E-7
550.903966	-2.095411E-7
550.954001	-2.679708E-7
551.004036	-3.055807E-7
551.054071	-3.210276E-7
551.104106	-3.264006E-7
551.154141	-2.599115E-7
551.204176	-1.732744E-7
551.254211	-1.645435E-7
551.304246	-2.055114E-7
551.354281	-2.350621E-7
551.404316	-2.451363E-7
551.454351	-3.270721E-7
551.504386	-3.022227E-7
551.554421	-2.558819E-7
551.604456	-2.155856E-7
551.654491	-1.867065E-7
551.704527	-1.524546E-7
551.754562	-1.450669E-7
551.804597	-1.893929E-7
551.854632	-2.370769E-7
551.904667	-2.720005E-7
551.954702	-2.820746E-7
552.004737	-2.767018E-7
552.054772	-2.236449E-7
552.104807	-2.041683E-7
552.154842	-1.954374E-7
552.204877	-2.310325E-7
552.254912	-2.276745E-7
552.304947	-2.464795E-7
552.354982	-2.619262E-7
552.405017	-2.552104E-7
552.455052	-3.055808E-7
552.505087	-2.458079E-7
552.555122	-1.873781E-7
552.605157	-2.787166E-7
552.655192	-1.732743E-7
552.705227	-2.357338E-7
552.755262	-2.176004E-7
552.805297	-2.270029E-7
552.855332	-2.458079E-7
552.905367	-2.505092E-7
552.955402	-2.585684E-7
553.005437	-2.337189E-7
553.055472	-2.128991E-7
553.105507	-1.618571E-7
553.155542	-1.383508E-7
553.205577	-1.940942E-7
553.255612	-2.216300E-7
553.305647	-3.035659E-7
553.355682	-2.894623E-7
553.405717	-3.304302E-7
553.455752	-2.921486E-7
553.505787	-2.202868E-7
553.555822	-2.122275E-7
553.605857	-1.860349E-7
553.655892	-2.034967E-7
553.705927	-2.008102E-7
553.755963	-2.028251E-7
553.805998	-2.552103E-7
553.856033	-2.498375E-7
553.906068	-2.135708E-7
553.956103	-2.330473E-7
554.006138	-2.034967E-7
554.056173	-2.162571E-7
554.106208	-1.920793E-7
554.156243	-1.961090E-7
554.206278	-2.484942E-7
554.256313	-2.350621E-7
554.306348	-2.458078E-7
554.356383	-2.498374E-7
554.406418	-2.471511E-7
554.456453	-2.108843E-7
554.506488	-1.773040E-7
554.556523	-2.128992E-7
554.606558	-1.779756E-7
554.656593	-1.940942E-7
554.706628	-2.605832E-7
554.756663	-2.706572E-7
554.806698	-2.505091E-7
554.856733	-2.733437E-7
554.906768	-2.767016E-7
554.956803	-2.558819E-7
555.006838	-1.611854E-7
555.056873	-1.947658E-7
555.106908	-2.337189E-7
555.156943	-2.202868E-7
555.206978	-2.263313E-7
555.257013	-2.128992E-7
555.307048	-2.390918E-7
555.357083	-2.552103E-7
555.407118	-1.947657E-7
555.457153	-2.102128E-7
555.507188	-1.799904E-7
555.557223	-2.061831E-7
555.607258	-2.256597E-7
555.657293	-3.062524E-7
555.707328	-2.854326E-7
555.757363	-2.706573E-7
555.807399	-2.216301E-7
555.857434	-1.954373E-7
555.907469	-2.343905E-7
555.957504	-2.014818E-7
556.007539	-2.350622E-7
